54.91309 8.66455
54.98194 8.65472
55.11417 8.67611
55.10083 8.56139
55.09472 8.56194
55.08805 8.56083
55.08333 8.55639
55.06194 8.50417
55.06027 8.49583
55.06278 8.4875
55.06583 8.48083
55.07361 8.47139
55.12389 8.45694
55.13055 8.45833
55.17 8.47
55.17583 8.47194
55.18139 8.47556
55.19111 8.48306
55.195 8.48833
55.1975 8.50639
55.19416 8.55805
55.19333 8.56805
55.18861 8.58555
55.18556 8.59278
55.17982 8.59362
55.17638 8.58833
55.16861 8.56722
55.16472 8.56167
55.15444 8.55389
55.14972 8.55444
55.14417 8.56917
55.1405 8.58475
55.13239 8.63216
55.1311 8.64389
55.1325 8.68361
55.13638 8.68889
55.14222 8.69139
55.14916 8.69222
55.16027 8.68944
55.20333 8.66139
55.25861 8.65805
55.30167 8.65861
55.31361 8.6625
55.32055 8.66389
55.323916 8.66342
55.346752 8.657321
55.40277 8.63805
55.4275 8.62389
55.43472 8.6125
55.44111 8.59944
55.44305 8.58972
55.44917 8.53611
55.45389 8.48
55.45416 8.46805
55.45194 8.44972
55.45222 8.44
55.55333 8.3075
55.4911 8.25694
55.53777 8.10417
55.54472 8.09139
55.54888 8.08722
55.55499 8.08722
55.56583 8.09333
55.59333 8.11944
55.60333 8.12667
55.62472 8.13944
55.71055 8.17861
55.72305 8.18222
55.74305 8.18556
55.75527 8.18361
55.84833 8.16639
55.89916 8.15333
55.93805 8.14305
55.95944 8.13444
55.97972 8.12667
55.98306 8.12611
55.98555 8.12722
55.98694 8.13083
55.98472 8.13944
55.97694 8.1475
55.96861 8.15222
55.96361 8.15472
55.95361 8.15833
55.94277 8.16194
55.92056 8.16806
55.8975 8.17333
55.83944 8.18222
55.81472 8.18333
55.81 8.18639
55.80805 8.19361
55.81 8.20222
55.835 8.27667
55.85611 8.32389
55.89194 8.39417
55.8975 8.39722
55.92333 8.38528
56.01083 8.31694
56.01722 8.31694
56.04666 8.31306
56.05028 8.3125
56.05306 8.31111
56.05472 8.30889
56.075 8.27083
56.08277 8.255
56.09277 8.22389
56.11111 8.14611
56.11166 8.14111
56.11083 8.1375
56.10249 8.14111
56.08083 8.14528
56.07111 8.14639
56.0675 8.14639
55.99916 8.1425
55.99638 8.14194
55.99416 8.13333
55.99444 8.12722
55.99694 8.11917
56.00083 8.11389
56.01778 8.10833
56.05222 8.10111
56.07139 8.10167
56.11805 8.10556
56.34916 8.12278
56.45027 8.12
56.53083 8.11833
56.55 8.12083
56.55611 8.12278
56.63777 8.15611
56.65333 8.16528
56.66777 8.17555
56.69138 8.19472
56.70777 8.20917
56.70944 8.21222
56.71055 8.21667
56.70944 8.22111
56.70777 8.22417
56.70333 8.22917
56.70722 8.24028
56.71278 8.23861
56.73694 8.23555
56.75555 8.235
56.77555 8.23639
56.80666 8.24583
56.82278 8.25611
56.83277 8.26417
56.86028 8.29055
56.90555 8.33667
56.94555 8.37889
57.005 8.45055
57.09611 8.57722
57.11472 8.60389
57.12167 8.61722
57.12444 8.62417
57.12528 8.62861
57.12472 8.63944
57.12167 8.65444
57.10611 8.71389
57.10222 8.73722
57.10111 8.76611
57.10388 8.805
57.10833 8.84667
57.12 8.89417
57.15361 9.01722
57.14527 9.07972
57.1375 9.16139
57.13611 9.19611
57.13694 9.24389
57.15028 9.38417
57.15111 9.39
57.15694 9.40694
57.17611 9.45889
57.19028 9.49583
57.21388 9.54083
57.2175 9.54667
57.2411 9.58056
57.30333 9.64944
57.365 9.70778
57.37944 9.72055
57.39527 9.73139
57.43556 9.76361
57.44472 9.77278
57.46222 9.79333
57.58361 9.94972
57.58833 9.96028
57.58944 9.97111
57.58972 10
57.58861 10.04361
57.58972 10.10417
57.59027 10.12861
57.59222 10.16111
57.59499 10.18111
57.60222 10.21833
57.61305 10.26694
57.62083 10.28972
57.62555 10.30083
57.67361 10.40833
57.6975 10.45333
57.72527 10.51
57.7375 10.5375
57.74027 10.54417
57.74528 10.56111
57.74667 10.57722
57.74416 10.60528
57.7375 10.645
57.73627 10.64595
57.72778 10.62194
57.71083 10.57805
57.7025 10.56028
57.68361 10.52639
57.66666 10.50555
57.64583 10.48111
57.62861 10.46167
57.62222 10.45472
57.615 10.4475
57.60333 10.43778
57.59222 10.4325
57.49859 10.470464
57.41389 10.52806
57.342413 10.533572
57.193154 10.593635
57.160549 10.427122
57.083052 10.031935
57.08693 10.02083
57.08916 10.01167
57.08999 10.00667
57.08967 10.00028
57.04639 9.5
57.00472 9.28944
56.99833 9.26972
56.99611 9.25528
56.99555 9.24389
56.99722 9.23389
57.00139 9.22139
57.01167 9.20361
57.02389 9.18139
57.03527 9.15917
57.05277 9.11555
57.04805 9.11861
57.03916 9.12028
57.035 9.11583
57.01194 9.03861
57.01167 9.03278
57.01277 9.02778
57.01555 9.02722
57.01861 9.02861
57.02111 9.0275
57.02444 9.02139
57.02583 9.01056
57.02499 9.00056
56.9975 8.88583
56.97107 8.82717
56.95194 8.775
56.94972 8.76611
56.95055 8.755
56.95667 8.73555
56.9575 8.72444
56.95 8.68111
56.94722 8.67333
56.94527 8.67083
56.88555 8.61917
56.87333 8.61722
56.86305 8.61778
56.85694 8.61694
56.84861 8.61167
56.84416 8.6075
56.81944 8.5725
56.81361 8.56389
56.81222 8.56
56.80389 8.53305
56.80055 8.51444
56.79722 8.50111
56.7925 8.49167
56.78806 8.48722
56.78249 8.48361
56.78 8.48278
56.69778 8.46306
56.67813 8.4158
56.67435 8.44171
56.67035 8.48838
56.66777 8.51444
56.66861 8.51944
56.67388 8.53583
56.68222 8.55083
56.68889 8.57028
56.68972 8.58
56.68916 8.585
56.6861 8.59139
56.68083 8.595
56.63055 8.60722
56.60833 8.59889
56.60611 8.5975
56.5825 8.555
56.58222 8.54944
56.58444 8.54139
56.58944 8.53222
56.59528 8.52417
56.63139 8.47805
56.64218 8.4591
56.64518 8.45727
56.64919 8.4536
56.65302 8.44877
56.65852 8.43693
56.67204 8.39828
56.67722 8.36833
56.69861 8.24889
56.68778 8.23778
56.66499 8.22333
56.65389 8.21139
56.64639 8.20639
56.63805 8.20389
56.63555 8.20583
56.605 8.24972
56.57999 8.32722
56.58222 8.39055
56.58111 8.40167
56.57833 8.41583
56.5611 8.47083
56.54305 8.51917
56.50388 8.59222
56.47861 8.62667
56.47666 8.62972
56.47527 8.63278
56.47277 8.64694
56.47277 8.65306
56.48222 8.72833
56.48638 8.73944
56.49305 8.74583
56.49889 8.74722
56.549 8.75691
56.54972 8.75806
56.55389 8.76305
56.55639 8.76555
56.55861 8.76611
56.56444 8.76444
56.5686 8.75944
56.57944 8.72944
56.58416 8.71278
56.58778 8.70667
56.61417 8.68083
56.61722 8.68028
56.62 8.68111
56.71583 8.83833
56.72944 8.84555
56.75083 8.86278
56.7625 8.87306
56.80472 8.9525
56.80583 8.9675
56.80778 9.07
56.80745 9.07557
56.79583 9.10528
56.79277 9.11139
56.79028 9.11333
56.70389 9.1525
56.70083 9.145
56.69333 9.13472
56.63055 9.05528
56.62805 9.05333
56.60222 9.04333
56.59916 9.04333
56.59055 9.04611
56.57166 9.05556
56.56694 9.05861
56.56305 9.06417
56.56139 9.07333
56.56333 9.08139
56.56889 9.09111
56.57139 9.09361
56.58361 9.10139
56.59 9.10028
56.59277 9.09833
56.59861 9.0975
56.60444 9.09944
56.60916 9.10389
56.61055 9.10694
56.62666 9.17778
56.63305 9.21083
56.63444 9.22583
56.63333 9.24889
56.63 9.27417
56.62317 9.28005
56.61916 9.28406
56.61533 9.28439
56.60416 9.28194
56.60222 9.27333
56.59916 9.265
56.58333 9.25166
56.58028 9.25083
56.55833 9.2675
56.54778 9.27833
56.52555 9.3125
56.52499 9.31722
56.52555 9.32167
56.54083 9.37111
56.54305 9.37306
56.5461 9.37389
56.55888 9.37611
56.565 9.37639
56.56889 9.37083
56.57055 9.36167
56.56638 9.34417
56.67638 9.32306
56.68139 9.32
56.7 9.30444
56.70222 9.30194
56.70499 9.29472
56.70555 9.28889
56.70416 9.28028
56.70305 9.27639
56.70111 9.27333
56.695 9.26639
56.69138 9.26056
56.66972 9.18639
56.66944 9.18083
56.67194 9.17333
56.67388 9.16972
56.67806 9.16611
56.89249 9.165
56.895954 9.166942
56.91603 9.1782
56.96591 9.248476
56.99555 9.29028
57 9.30111
57.00194 9.30944
57.01222 9.36556
57.01833 9.40972
57.02 9.42555
57.01944 9.46694
57.01888 9.47805
57.01611 9.51694
57.01555 9.52194
57.009107 9.544503
57.00722 9.55111
57.00472 9.55917
57.019095 9.612999
57.03861 9.68611
57.05333 9.76417
57.05416 9.77472
57.049241 9.819848
57.04556 9.85361
57.05416 9.94
57.05499 9.945
57.05833 9.95167
57.06654 9.9665
57.07173 9.97427
57.01833 10.12361
57.0075 10.14694
57.00305 10.1575
56.99416 10.17944
56.9875 10.20472
56.98416 10.21805
56.9825 10.22833
56.98194 10.24583
56.9813 10.31189
56.96305 10.28806
56.95222 10.28222
56.92638 10.27222
56.91722 10.26917
56.90416 10.26833
56.82555 10.28111
56.80167 10.28611
56.79888 10.28694
56.79074 10.289879
56.74806 10.30528
56.71777 10.24056
56.72055 10.15944
56.71999 10.15444
56.65028 9.86639
56.64194 9.88639
56.64166 9.93305
56.65916 10.00361
56.6861 10.07722
56.69639 10.17722
56.69611 10.31611
56.69527 10.33861
56.69 10.3475
56.68278 10.35333
56.67027 10.36055
56.66444 10.36194
56.645 10.36361
56.63889 10.36361
56.63166 10.35861
56.6226 10.34094
56.61444 10.32928
56.61177 10.31278
56.61044 10.30794
56.60056 10.28528
56.59305 10.27333
56.57333 10.24555
56.55306 10.21889
56.53555 10.21055
56.46861 10.18778
56.47305 10.23083
56.48917 10.22611
56.50694 10.22417
56.53833 10.22389
56.54944 10.23028
56.5536 10.23667
56.57816 10.30867
56.56999 10.32967
56.56616 10.3305
56.56222 10.35833
56.55972 10.36055
56.55333 10.36861
56.52805 10.41472
56.52416 10.42583
56.51083 10.50889
56.50833 10.53028
56.51138 10.585
56.52166 10.64611
56.53249 10.76528
56.53416 10.78694
56.52389 10.84417
56.52083 10.85111
56.51583 10.86083
56.514 10.863907
56.50889 10.8725
56.445 10.96083
56.43944 10.96306
56.355173 10.926413
56.34361 10.92139
56.32861 10.9075
56.16389 10.745
56.18778 10.67389
56.18916 10.68305
56.19416 10.68639
56.20638 10.69222
56.21222 10.69194
56.21777 10.69055
56.22111 10.68444
56.22666 10.66861
56.22944 10.6475
56.22944 10.63639
56.22833 10.62556
56.22639 10.61778
56.22361 10.61111
56.20722 10.58972
56.17694 10.55528
56.16638 10.54917
56.16 10.54778
56.15472 10.55055
56.14999 10.55417
56.13277 10.57222
56.12306 10.57778
56.11666 10.57555
56.11138 10.57139
56.10361 10.56
56.10083 10.55361
56.09889 10.54583
56.09833 10.53583
56.09861 10.52417
56.10083 10.51528
56.16194 10.39
56.19527 10.35305
56.19972 10.35833
56.22111 10.4275
56.22194 10.43694
56.21833 10.4425
56.22055 10.47944
56.265 10.50833
56.27083 10.5075
56.27416 10.50194
56.29194 10.44861
56.29083 10.40056
56.17855 10.24679
56.16666 10.23194
56.15167 10.21917
56.14611 10.21611
56.13972 10.215
56.12972 10.22083
56.12583 10.22639
56.11916 10.23889
56.115 10.24417
56.09555 10.25583
56.07972 10.26167
56.01888 10.27972
55.92056 10.25194
55.91416 10.24972
55.83305 10.19305
55.82805 10.18917
55.82472 10.18305
55.82694 10.17305
55.835 10.15056
55.83833 10.14389
55.84305 10.14028
55.84833 10.1375
55.85916 10.135
55.86444 10.13222
55.86833 10.12667
55.87167 10.11972
55.87722 10.10556
55.87861 10.09389
55.87861 10.06139
55.87832 10.04972
55.87167 9.9825
55.85 9.87167
55.84638 9.86555
55.84083 9.86722
55.83778 9.87389
55.83527 9.88222
55.83333 9.89222
55.82861 9.92278
55.825 9.95639
55.82164 10
55.81694 10.04028
55.81444 10.04861
55.75028 10.04583
55.70499 9.99278
55.67139 9.83167
55.66944 9.81167
55.67027 9.80222
55.68377 9.7375
55.68528 9.73267
55.68961 9.72516
55.70361 9.68778
55.70889 9.67194
55.71139 9.64972
55.71139 9.63889
55.70889 9.55722
55.70583 9.55
55.70055 9.55278
55.69666 9.55833
55.69444 9.56639
55.69333 9.57417
55.69333 9.58528
55.695 9.61667
55.69277 9.63944
55.68666 9.65278
55.65311 9.72172
55.60472 9.81917
55.53111 9.70417
55.505014 9.676458
55.50361 9.68
55.54028 9.74861
55.54749 9.81306
55.54722 9.82416
55.54472 9.8325
55.53999 9.83472
55.5275 9.83528
55.5225 9.8375
55.51888 9.84333
55.5125 9.85639
55.51 9.86472
55.50583 9.88333
55.50555 9.89528
55.50583 9.905
55.50972 9.92167
55.515 9.93583
55.54126 10.0003
55.55666 10.07389
55.56805 10.12472
55.57417 10.14861
55.57861 10.16472
55.58444 10.17778
55.59889 10.2125
55.615 10.28972
55.61666 10.29889
55.61694 10.30972
55.61194 10.32722
55.58888 10.39917
55.58555 10.40555
55.53249 10.48472
55.48167 10.45222
55.47861 10.44528
55.46805 10.42778
55.46444 10.42222
55.461179 10.420513
55.45277 10.41611
55.44722 10.4175
55.4425 10.42028
55.43861 10.42555
55.43778 10.4375
55.43722 10.46889
55.43805 10.47861
55.470699 10.567424
55.48277 10.60028
55.48638 10.60611
55.49249 10.60889
55.51944 10.61417
55.56389 10.6175
55.5925 10.61278
55.60249 10.60722
55.60722 10.60333
55.61722 10.61055
55.61861 10.61389
55.61916 10.61917
55.61666 10.62694
55.59 10.65805
55.49667 10.74444
55.4911 10.74722
55.48222 10.74528
55.36278 10.79055
55.30666 10.82833
55.29388 10.83472
55.29028 10.83444
55.213307 10.817564
55.18639 10.81167
55.12805 10.78556
55.1225 10.78278
55.11778 10.77944
55.06722 10.74028
55.06444 10.73333
55.06222 10.72556
55.06056 10.66555
55.06083 10.62722
55.06056 10.61639
55.05805 10.59889
55.05277 10.58417
55.02944 10.52944
55.02861 10.51944
55.02889 10.49778
55.08444 10.15278
55.11722 10.13528
55.12194 10.15056
55.12694 10.15444
55.13277 10.15278
55.1375 10.15
55.17889 10.11861
55.18639 10.10833
55.18805 10.09861
55.19333 10.00583
55.259293 9.922709
55.27972 9.89694
55.28583 9.89667
55.33666 9.88833
55.34222 9.88722
55.422399 9.822377
55.43666 9.81083
55.46694 9.76806
55.47416 9.72889
55.4911 9.685
55.49444 9.67833
55.49916 9.67555
55.498658 9.669711
55.42611 9.59278
55.42166 9.58833
55.41472 9.5875
55.41027 9.59028
55.407502 9.592781
55.40167 9.59805
55.3975 9.60361
55.39444 9.61028
55.37333 9.59694
55.36722 9.59667
55.2875 9.66111
55.28083 9.6675
55.27722 9.67333
55.27277 9.68389
55.27136 9.687714
55.26888 9.69444
55.26555 9.70694
55.26111 9.71111
55.25833 9.71222
55.245 9.71167
55.24166 9.71139
55.19694 9.68861
55.1925 9.68305
55.19 9.67639
55.18527 9.66056
55.18083 9.63861
55.18166 9.63389
55.19111 9.62
55.19389 9.60694
55.19305 9.59056
55.19055 9.57722
55.18722 9.56528
55.15194 9.48944
55.12861 9.46306
55.12389 9.45917
55.11805 9.46194
55.05028 9.5075
55.03249 9.54861
55.01639 9.63639
54.99472 9.71917
54.99305 9.72278
54.98944 9.7275
54.9825 9.73306
54.94778 9.74667
54.904555 9.762988
54.91027 9.78139
54.91555 9.77861
54.92889 9.7725
54.96139 9.75833
54.97888 9.75861
54.98111 9.76056
54.98055 9.76528
54.96916 9.78139
54.94666 9.81917
54.94194 9.82917
54.93972 9.83694
54.94 9.84222
54.94222 9.84417
54.97055 9.83889
54.97639 9.83611
55.01111 9.79889
55.015 9.79361
55.01555 9.78278
55.01222 9.74194
55.00944 9.71805
55.00972 9.70083
55.01055 9.69667
55.01527 9.68111
55.01833 9.67472
55.04694 9.63222
55.04944 9.63055
55.05277 9.63083
55.05861 9.63944
55.06777 9.66472
55.08083 9.70778
55.0825 9.71694
55.08444 9.75417
55.08083 9.77194
55.075 9.7925
55.0125 9.96611
55.00889 9.97194
54.98372 10
54.97972 10.00472
54.94028 10.04222
54.93778 10.04389
54.89526 10.06917
54.88999 10.07194
54.88082 10.07306
54.87471 10.07111
54.87305 10.0675
54.85999 9.98889
54.8586 9.97861
54.85806 9.95639
54.86028 9.93639
54.8625 9.92694
54.87167 9.89583
54.89944 9.80417
54.90611 9.78583
54.89111 9.76806
54.84111 9.75028
54.83611 9.74722
54.83138 9.74278
54.82777 9.73722
54.8275 9.72667
54.85194 9.62778
54.85527 9.62055
54.89055 9.61417
54.90111 9.63361
54.9025 9.64278
54.90694 9.64694
54.91389 9.64805
54.91833 9.64389
54.92222 9.63861
54.92528 9.63222
54.92833 9.61278
54.9286 9.60194
54.92694 9.59305
54.86833 9.50278
54.835 9.45278
54.83028 9.44833
54.8254 9.44536
54.83333 9.41472
54.83527 9.3925
54.82972 9.37861
54.82278 9.36889
54.82083 9.36861
54.81249 9.35889
54.80861 9.34278
54.80888 9.25361
54.81638 9.24306
54.82444 9.23361
54.83416 9.22805
54.84555 9.23361
54.85361 9.22416
54.865 9.16889
54.90555 8.94111
54.90805 8.92
54.91369 8.8413
54.91389 8.82889
54.90611 8.78583
54.89889 8.76305
54.89722 8.75472
54.89111 8.71944
54.89278 8.69944
54.89889 8.68611