55.73888 10.94083
55.73917 10.89722
55.73833 10.88722
55.73694 10.87805
55.7325 10.87361
55.72944 10.88
55.6925 10.99417
55.67278 11.07528
55.67 11.08361
55.66277 11.08917
55.5775 11.14444
55.5675 11.14917
55.498653 11.180787
55.44888 11.20361
55.39916 11.21722
55.39361 11.21805
55.33888 11.18778
55.20444 11.24417
55.19972 11.24667
55.19639 11.25305
55.19444 11.2625
55.19277 11.27278
55.18889 11.30611
55.19055 11.32306
55.20139 11.35083
55.205829 11.371149
55.21583 11.41694
55.21583 11.42778
55.21249 11.45389
55.2 11.51889
55.19277 11.54306
55.19083 11.55306
55.18722 11.61222
55.18722 11.65833
55.20416 11.68333
55.2076 11.69451
55.20667 11.71778
55.20361 11.73083
55.19888 11.74111
55.163386 11.787838
55.15583 11.79778
55.1325 11.78305
55.06056 11.73056
55.02333 11.84028
55.01389 11.85972
54.97883 11.90091
54.98583 11.89611
54.98833 11.89556
54.99139 11.89639
55.00333 11.91028
55.00472 11.91389
55.00333 11.93639
55.00194 11.94583
55.00028 11.95
54.99889 11.95333
54.97916 11.97833
54.97138 11.995
54.96833 12.01333
54.96639 12.04111
54.96861 12.07194
54.976071 12.098687
54.99278 12.15861
54.99555 12.16667
54.99889 12.17167
55.00139 12.17305
55.005 12.17361
55.11417 12.18139
55.11722 12.18111
55.11972 12.17917
55.12277 12.17333
55.13027 12.14944
55.13361 12.13055
55.13277 12.115
55.12944 12.09611
55.12888 12.08694
55.12888 12.075
55.13055 12.06555
55.13305 12.05805
55.14861 12.01806
55.15028 12.01528
55.151751 12.013802
55.1525 12.01305
55.15555 12.01278
55.15861 12.01305
55.16139 12.015
55.16944 12.02556
55.17333 12.03611
55.22055 12.17611
55.22805 12.20333
55.23694 12.24389
55.23389 12.2725
55.23306 12.29389
55.23277 12.31555
55.23333 12.32528
55.23499 12.33389
55.25583 12.4125
55.26167 12.42583
55.2725 12.44333
55.27638 12.44917
55.28639 12.46167
55.29277 12.46278
55.33055 12.45361
55.33639 12.45194
55.34833 12.44417
55.3575 12.43611
55.36166 12.43056
55.39527 12.37667
55.39889 12.36389
55.40167 12.34361
55.40305 12.29778
55.42444 12.23167
55.42777 12.22417
55.43833 12.20667
55.44472 12.20055
55.45222 12.19528
55.45777 12.19278
55.46555 12.19055
55.47861 12.19083
55.48222 12.19167
55.49027 12.19611
55.50222 12.20583
55.53858 12.239746
55.54361 12.24444
55.5525 12.25333
55.56 12.26944
55.590205 12.339449
55.59021 12.33946
55.59305 12.34444
55.60999 12.38083
55.61361 12.39139
55.61666 12.40389
55.61639 12.42167
55.61556 12.4325
55.61417 12.43583
55.60722 12.44167
55.605 12.44472
55.60416 12.44806
55.60166 12.48667
55.60222 12.49222
55.60388 12.49555
55.60667 12.49694
55.63139 12.50278
55.63944 12.52417
55.65722 12.55
55.66694 12.56139
55.69944 12.59611
55.70416 12.60028
55.70722 12.59944
55.73528 12.58417
55.75444 12.60028
55.76722 12.6
55.79333 12.59861
55.79888 12.59639
55.84555 12.57583
55.84805 12.57444
55.8575 12.56694
55.86724 12.55888
55.91139 12.51917
55.91944 12.51555
55.92555 12.51694
55.94194 12.52556
55.94972 12.53
55.99222 12.56722
56.11221 12.391446
56.12416 12.33139
56.12722 12.3125
56.12861 12.30167
56.12888 12.29055
56.12722 12.275
56.11222 12.20028
56.10361 12.17417
55.99444 11.91917
55.96666 11.85944
55.95861 11.84833
55.9525 11.84583
55.94778 11.84861
55.945465 11.851586
55.94389 11.85361
55.93722 11.86639
55.9361 11.87611
55.93694 11.88667
55.95 11.93389
55.951519 11.944203
55.95667 11.97917
55.95944 12.0075
55.956126 12.014685
55.95611 12.01472
55.92416 12.03972
55.91917 12.04222
55.76454 12.07222
55.73888 12.08778
55.72805 12.09083
55.7225 12.09222
55.71111 12.09389
55.69833 12.09222
55.65805 12.06194
55.65333 12.05722
55.65333 11.948749
55.655404 11.935904
55.67694 11.93667
55.7175 11.97055
55.71527 12.00972
55.71472 12.02611
55.71527 12.03111
55.72055 12.04556
55.72444 12.05083
55.73 12.05444
55.73611 12.05639
55.74222 12.05694
55.75139 12.05556
55.79333 12.04055
55.88916 12.00139
55.89444 11.99889
55.90111 11.99278
55.90472 11.98694
55.91722 11.95944
55.92444 11.94111
55.92889 11.925
55.92972 11.91417
55.92777 11.90528
55.92583 11.90278
55.76444 11.84361
55.70702 11.83208
55.6825 11.82555
55.67667 11.8225
55.67472 11.81972
55.674289 11.818886
55.66166 11.79444
55.67759 11.798426
55.68388 11.8
55.68722 11.79972
55.75861 11.76555
55.78416 11.74528
55.79305 11.73639
55.79444 11.73278
55.79472 11.7275
55.79333 11.7175
55.81416 11.67056
55.89055 11.67028
55.92139 11.73972
55.939865 11.765922
55.94861 11.77833
55.95416 11.78194
55.95833 11.77861
55.96222 11.77278
55.96472 11.76389
55.96444 11.75278
55.96249 11.74472
55.95944 11.73778
55.95083 11.70639
55.94167 11.66444
55.93639 11.60639
55.96139 11.40917
55.98111 11.31278
55.99166 11.27333
55.97944 11.27417
55.97527 11.27806
55.97138 11.28333
55.94917 11.35972
55.94694 11.37972
55.9425 11.44917
55.93944 11.47028
55.93694 11.47861
55.93028 11.49167
55.922636 11.502473
55.91888 11.50778
55.91416 11.51028
55.89833 11.51639
55.89194 11.51583
55.87944 11.51167
55.86722 11.50639
55.85611 11.5
55.85083 11.49639
55.84166 11.48694
55.750267 11.347545
55.7475 11.34333
55.69888 11.21111
55.69805 11.20111
55.69917 11.18917
55.700544 11.181325
55.70277 11.16861
55.70777 11.15278
55.71361 11.13861
55.72166 11.12944
55.73805 10.95305