69.28471 21.68194
69.07837 21.9946
69.05222 22.04139
68.95499 22.20833
68.95111 22.20305
68.94472 22.1975
68.9386 22.19416
68.92806 22.19722
68.88165 22.27889
68.84471 22.34666
68.8425 22.34861
68.80472 22.36389
68.7861 22.36972
68.71111 22.39833
68.73778 22.55
68.69138 22.80278
68.69305 22.86361
68.69554 23.06389
68.69167 23.0725
68.64916 23.13944
68.6375 23.16472
68.6311 23.18861
68.6286 23.20417
68.63638 23.26056
68.64249 23.28194
68.64638 23.29139
68.65944 23.33305
68.68083 23.40778
68.69167 23.46722
68.69861 23.5175
68.70528 23.58305
68.71138 23.66417
68.71083 23.67972
68.71222 23.69278
68.71527 23.70361
68.71999 23.71194
68.75943 23.7625
68.77638 23.78389
68.78915 23.79611
68.79582 23.80222
68.81999 23.81667
68.82527 23.82139
68.82999 23.83
68.83249 23.85639
68.83388 23.89944
68.83249 23.97639
68.82666 24.02916
68.82388 24.04472
68.82054 24.05555
68.81694 24.06611
68.80916 24.08278
68.80472 24.08861
68.79999 24.09222
68.79582 24.09805
68.7836 24.12055
68.75166 24.19666
68.74638 24.21555
68.71361 24.33833
68.71054 24.35139
68.70833 24.36333
68.70166 24.41694
68.69888 24.45028
68.69583 24.51333
68.69138 24.57889
68.68721 24.62889
68.67638 24.69028
68.66026 24.75444
68.65277 24.77333
68.64082 24.79778
68.63249 24.81167
68.61943 24.82889
68.61499 24.83444
68.60602 24.84362
68.59201 24.85586
68.58734 24.8592
68.58081 24.93492
68.62138 25.07639
68.62917 25.09583
68.63472 25.10333
68.6411 25.10972
68.64665 25.11139
68.65639 25.10472
68.66666 25.10305
68.67806 25.10611
68.76778 25.15472
68.78583 25.16666
68.79222 25.17305
68.80333 25.18833
68.81749 25.21444
68.82527 25.23417
68.87389 25.36389
68.88055 25.38472
68.88638 25.40694
68.89055 25.43111
68.89166 25.44444
68.89221 25.47333
68.89082 25.49028
68.88832 25.50805
68.88026 25.55444
68.8786 25.57111
68.87888 25.58555
68.88138 25.61222
68.88416 25.62333
68.88889 25.63222
68.89972 25.6475
68.90639 25.65278
68.91165 25.66139
68.93388 25.69222
68.98917 25.76111
69.04527 25.76833
69.10916 25.73222
69.20638 25.70833
69.21166 25.70778
69.25526 25.71333
69.31833 25.73944
69.33611 25.74972
69.34221 25.755
69.35388 25.77055
69.36861 25.81167
69.37805 25.82972
69.38416 25.83361
69.38944 25.83583
69.48637 25.87417
69.57805 25.94917
69.59027 25.9575
69.60194 25.96361
69.62416 25.97333
69.63026 25.97472
69.63527 25.97416
69.64972 25.96472
69.65805 25.94778
69.66222 25.9425
69.66722 25.94194
69.67333 25.94583
69.67999 25.95277
69.69138 25.96583
69.70194 25.97833
69.70667 25.98833
69.71054 25.99889
69.71333 26.01
69.72638 26.10056
69.73499 26.13444
69.74249 26.15583
69.84999 26.36944
69.85443 26.37805
69.86556 26.395
69.87193 26.40222
69.89 26.41611
69.90193 26.42416
69.91444 26.43583
69.92722 26.45
69.93527 26.47055
69.93749 26.48306
69.95027 26.60194
69.95166 26.61639
69.95206 26.80658
69.94861 26.85722
69.94472 26.86528
69.93443 26.86611
69.92972 26.87222
69.92667 26.885
69.92416 26.90361
69.90805 27.03722
69.90749 27.05444
69.9086 27.06889
69.91055 27.08083
69.93332 27.20611
69.94722 27.28055
69.95 27.29194
69.95389 27.30306
69.96027 27.31028
69.97028 27.30694
69.97527 27.30389
69.97943 27.2975
69.98444 27.29556
69.99056 27.3
70.01666 27.42139
70.06389 27.5675
70.06888 27.57333
70.0725 27.59944
70.08804 27.87306
70.08888 27.9025
70.08833 27.91889
70.08716 27.92656
70.08444 27.93611
70.08028 27.94416
70.06694 27.96055
70.0575 27.96889
70.04805 27.97472
70.04277 27.975
70.03722 27.9725
70.01639 27.97333
70.00665 27.97916
70.00221 27.98472
69.99361 27.99806
69.9386 28.09417
69.93054 28.11
69.91554 28.1525
69.91222 28.16583
69.90639 28.19722
69.90222 28.22667
69.89665 28.27611
69.89082 28.31028
69.8875 28.32333
69.87944 28.33917
69.87499 28.34472
69.85083 28.35833
69.84555 28.35833
69.83611 28.36667
69.83167 28.37194
69.8275 28.37972
69.82166 28.405
69.7686 28.69472
69.75972 28.74416
69.73389 28.90972
69.72861 28.94611
69.72249 28.99222
69.72055 29.00944
69.70805 29.09889
69.70389 29.10667
69.68582 29.1275
69.63527 29.17611
69.49527 29.29472
69.48555 29.29972
69.48027 29.29972
69.46361 29.28555
69.45194 29.26917
69.37082 29.12222
69.34389 29.06416
69.33055 29.03333
69.31722 29.0025
69.31389 28.99167
69.28861 28.93166
69.28416 28.92194
69.24277 28.83639
69.23805 28.82694
69.23193 28.81916
69.18832 28.79667
69.16055 28.78416
69.14972 28.78167
69.13416 28.78194
69.12389 28.78444
69.11916 28.78694
69.10555 28.80222
69.0936 28.8275
69.08221 28.85778
69.07138 28.89055
69.05162 28.95734
69.04332 28.91333
69.0361 28.87778
69.02971 28.85555
68.99721 28.74639
68.91832 28.45694
68.91472 28.44666
68.90833 28.43916
68.89694 28.43194
68.88638 28.43222
68.87833 28.4475
68.87528 28.4625
68.8736 28.47916
68.87277 28.50916
68.87833 28.70583
68.87582 28.73778
68.85777 28.79277
68.85027 28.81278
68.84888 28.81555
68.84444 28.82055
68.81583 28.80333
68.80444 28.79611
68.75777 28.76416
68.75194 28.75916
68.73416 28.73861
68.67999 28.655
68.58972 28.52583
68.57805 28.51028
68.54083 28.46583
68.53471 28.45861
68.53194 28.4575
68.38582 28.56
68.23944 28.66306
68.1975 28.69333
68.19333 28.69666
68.17249 28.82333
68.11665 29.16
68.08249 29.35694
68.06249 29.38361
67.93889 29.53944
67.81528 29.69167
67.80333 29.7275
67.74083 29.9025
67.69472 30.02861
67.5725 29.97778
67.54443 29.96472
67.53278 29.95472
67.51389 29.93278
67.49249 29.9
67.4836 29.88166
67.41638 29.74555
67.29388 29.52528
67.03082 29.15694
67.01361 29.13416
66.97583 29.0925
66.96999 29.08778
66.9586 29.08305
66.9436 29.08
66.91138 29.07528
66.89583 29.075
66.87999 29.075
66.87499 29.07722
66.86083 29.08639
66.85138 29.09333
66.84694 29.09778
66.82471 29.12306
66.8161 29.13444
66.77443 29.20277
66.76694 29.22111
66.75499 29.24611
66.73833 29.27333
66.70888 29.31889
66.70027 29.33
66.6825 29.35028
66.67333 29.35944
66.62831 29.38555
66.59999 29.41417
66.47028 29.55444
66.42857 29.56792
66.41138 29.57306
66.40694 29.57472
66.40166 29.5775
66.39221 29.58333
66.38277 29.59028
66.33638 29.62528
66.3225 29.63861
66.21416 29.77083
66.20528 29.78222
66.19249 29.79916
66.17555 29.82611
66.16361 29.85
66.15222 29.87639
66.14082 29.89722
66.12694 29.91028
66.11278 29.91889
66.04971 29.94833
65.92221 30.03222
65.84277 30.09111
65.83333 30.09666
65.8186 30.1025
65.71916 30.13416
65.70915 30.135
65.7036 30.13528
65.67694 30.13361
65.66499 30.12389
65.66527 30.11166
65.67139 30.08528
65.67944 30.06805
65.68999 30.03611
65.6911 30.02444
65.65332 29.81889
65.58833 29.83416
65.53749 29.79805
65.53027 29.77916
65.52304 29.76139
65.51444 29.74611
65.48111 29.73833
65.45555 29.73972
65.41472 29.74555
65.35277 29.75
65.34776 29.74944
65.34193 29.7475
65.31972 29.70611
65.30693 29.68
65.29887 29.66222
65.27666 29.62083
65.26582 29.60527
65.25972 29.59889
65.25388 29.59694
65.24889 29.59639
65.24361 29.59916
65.23944 29.60305
65.23528 29.60944
65.22749 29.62639
65.22444 29.63972
65.22333 29.65222
65.22333 29.66555
65.22665 29.73722
65.22638 29.7875
65.22444 29.81389
65.22249 29.8275
65.21999 29.84305
65.21611 29.85361
65.20805 29.86611
65.20332 29.87
65.19832 29.87278
65.12582 29.87444
65.12082 29.87389
65.11665 29.86472
65.10693 29.83667
65.09915 29.80694
65.09471 29.77389
65.0925 29.72639
65.08444 29.68361
65.07916 29.66472
65.07555 29.65472
65.06833 29.63722
65.06305 29.62889
65.05638 29.6225
65.045 29.61667
65.02304 29.60944
65.00722 29.60639
65.00166 29.60667
64.99194 29.61
64.92806 29.63667
64.91388 29.645
64.90471 29.65278
64.88721 29.67194
64.85222 29.71444
64.83943 29.73055
64.83499 29.73666
64.8225 29.755
64.80971 29.77444
64.79721 29.79417
64.79388 29.80472
64.7925 29.81833
64.7925 29.84305
64.79305 29.89167
64.79471 29.92639
64.79555 29.95028
64.79555 30.04805
64.79361 30.07444
64.79166 30.08778
64.78583 30.11583
64.78249 30.12639
64.77416 30.14083
64.76999 30.14472
64.67278 30.20916
64.66777 30.21055
64.66249 30.20861
64.65027 30.19917
64.63777 30.18639
64.63165 30.17889
64.62805 30.17028
64.61943 30.14167
64.60443 30.0725
64.59915 30.03333
64.5961 30.02055
64.58583 29.98083
64.5811 29.975
64.57443 29.975
64.51286 30.00967
64.51166 30.01139
64.50249 30.04889
64.49472 30.06861
64.48305 30.08722
64.47833 30.08861
64.46777 30.08833
64.45221 30.08305
64.42249 30.06139
64.405 30.05361
64.39694 30.06555
64.36916 30.11889
64.36499 30.12722
64.36137 30.13528
64.35416 30.15611
64.35138 30.17028
64.34888 30.19694
64.32944 30.32166
64.31972 30.35944
64.30943 30.38972
64.24832 30.55278
64.24443 30.56083
64.23999 30.56667
64.23082 30.57389
64.22611 30.57666
64.22138 30.57805
64.10165 30.61111
64.08666 30.61444
64.06499 30.60889
64.04694 30.59528
64.02055 30.55889
64.01 30.54361
64 30.52861
63.97778 30.48861
63.96889 30.47194
63.93055 30.39805
63.83277 30.27861
63.82222 30.26361
63.81777 30.25583
63.80083 30.21055
63.78 30.135
63.77528 30.11472
63.76666 30.06305
63.76083 30.03305
63.75639 30.01305
63.75278 30.00472
63.74802 29.99671
63.74361 29.99333
63.73888 29.99583
63.72944 30.00333
63.61278 30.20639
63.60056 30.22833
63.59305 30.24444
63.58972 30.25472
63.5725 30.30889
63.56 30.3575
63.55 30.39139
63.5461 30.39944
63.50805 30.4525
63.49916 30.46194
63.48555 30.47278
63.48111 30.4775
63.47861 30.48167
63.42444 30.71472
63.35361 30.91222
63.23833 31.18639
63.22305 31.21972
63.21027 31.23666
63.20555 31.24222
63.20111 31.24583
63.06916 31.38305
62.98694 31.515
62.97833 31.52417
62.91441 31.58893
62.90138 31.575
62.85333 31.52166
62.83555 31.50139
62.81889 31.48055
62.80639 31.4675
62.75889 31.43
62.61527 31.32194
62.59805 31.31056
62.56416 31.29417
62.53611 31.28028
62.51861 31.26917
62.50777 31.25972
62.50333 31.25194
62.41306 31.08278
62.33917 30.96417
62.27139 30.83444
62.25388 30.7925
62.21055 30.70417
62.16611 30.6325
61.95611 30.30055
61.89055 30.20389
61.85635 30.1551
61.84695 30.14217
61.73944 30.00555
61.72944 29.99139
61.60833 29.80917
61.59916 29.79472
61.53388 29.68333
61.43666 29.4975
61.36417 29.3625
61.35527 29.34805
61.34528 29.33416
61.31833 29.30194
61.30286 29.28508
61.29472 29.2775
61.28944 29.27111
61.27583 29.24972
61.25333 29.21361
61.23528 29.17416
61.22888 29.1575
61.19944 29.07194
61.16277 28.97083
61.10694 28.82055
61.10333 28.81278
61.04527 28.72
61.00166 28.67416
60.97611 28.65222
60.96611 28.63889
60.96249 28.63111
60.95972 28.6225
60.95889 28.6125
60.96166 28.57777
60.95889 28.54778
60.95499 28.52916
60.95222 28.52055
60.88667 28.38889
60.86583 28.35111
60.86138 28.34417
60.85583 28.33806
60.85 28.33444
60.84416 28.3325
60.83888 28.32639
60.82055 28.29861
60.80416 28.26944
60.79333 28.24639
60.71222 28.09389
60.58917 27.88472
60.5464 27.80783
60.54861 27.80666
60.56611 27.79
60.57055 27.78528
60.57388 27.77472
60.57472 27.76278
60.57417 27.75222
60.5725 27.74361
60.5675 27.73944
60.55167 27.735
60.53555 27.73417
60.51138 27.73805
60.50444 27.67111
60.5061 27.60667
60.50639 27.47667
60.5025 27.47222
60.47639 27.47305
60.50388 27.29556
60.52528 27.27194
60.54194 27.27083
60.58194 27.22305
60.58555 27.21528
60.53889 27.03139
60.53333 27.02556
60.52694 27.02055
60.44527 26.9675
60.44194 26.96028
60.44555 26.9525
60.47611 26.90528
60.47277 26.81111
60.44888 26.73944
60.42667 26.66694
60.42806 26.56361
60.44305 26.50305
60.44694 26.49722
60.46 26.48361
60.46861 26.475
60.47333 26.47305
60.47916 26.47416
60.48555 26.48
60.57417 26.56416
60.58555 26.57583
60.59805 26.595
60.60583 26.61722
60.60806 26.62889
60.60889 26.64889
60.6075 26.66833
60.59777 26.68889
60.58611 26.7025
60.57527 26.735
60.57166 26.75389
60.57722 26.755
60.61778 26.72194
60.64083 26.69527
60.64417 26.68861
60.6475 26.65916
60.64027 26.61556
60.63694 26.60722
60.58192 26.54609
60.56528 26.52694
60.5075 26.46194
60.50083 26.45694
60.495 26.45389
60.48389 26.45277
60.46944 26.45944
60.46055 26.46805
60.44694 26.47833
60.43694 26.48222
60.43111 26.47916
60.41611 26.45861
60.39194 26.42167
60.39139 26.41139
60.39388 26.14611
60.42388 26.06111
60.4275 26.05139
60.41583 26.04667
60.33028 26.11166
60.32472 26.10972
60.31805 26.10472
60.30611 26.09444
60.295 26.08305
60.29305 26.07444
60.29305 26.04194
60.2961 26.03694
60.30194 26.03806
60.30722 26.04361
60.31361 26.04639
60.31833 26.04444
60.3225 26.04055
60.34472 25.99611
60.38805 25.89361
60.39139 25.88416
60.40111 25.83806
60.39583 25.83833
60.38 25.87833
60.36028 25.90944
60.35583 25.91528
60.35139 25.91805
60.2486 25.92861
60.24444 25.92778
60.24166 25.92
60.24027 25.91028
60.24027 25.89917
60.24166 25.8875
60.24555 25.88166
60.25111 25.88055
60.26083 25.87778
60.27083 25.87389
60.27555 25.87083
60.27944 25.865
60.31472 25.75389
60.31022 25.74478
60.30739 25.74044
60.29805 25.74278
60.29055 25.74167
60.28611 25.74555
60.26861 25.78806
60.26722 25.8
60.27083 25.82917
60.26944 25.84111
60.265 25.84583
60.23277 25.78028
60.23444 25.76944
60.24806 25.72055
60.27528 25.67416
60.29166 25.65361
60.29639 25.64972
60.30111 25.64778
60.33555 25.64778
60.33749 25.6575
60.33749 25.6675
60.33938 25.69355
60.34222 25.69455
60.34522 25.69339
60.35694 25.69028
60.36055 25.68333
60.36278 25.6725
60.36222 25.66222
60.36028 25.65278
60.32889 25.57611
60.3111 25.54528
60.24583 25.48944
60.24833 25.47889
60.25583 25.36778
60.24194 25.20083
60.226843 25.157434
60.22361 25.14889
60.21944 25.14639
60.21639 25.15611
60.21333 25.18083
60.212767 25.183644
60.184271 25.191601
60.18222 25.18805
60.15611 25.06583
60.13668 24.95888
60.13556 24.94944
60.136319 24.881432
60.13666 24.85083
60.13694 24.75111
60.12194 24.60333
60.09528 24.60889
60.094098 24.608714
60.08972 24.60806
60.05666 24.59194
60.05306 24.58667
59.99139 24.48222
59.98944 24.46278
59.98722 24.4211
60.02722 24.42139
60.058556 24.3794
60.06805 24.36667
60.07055 24.355
60.07194 24.33305
60.0686 24.29222
60.06444 24.28528
60.05944 24.28194
60.03944 24.21694
60.01527 24.07417
59.994101 23.964183
59.955579 23.716411
59.953683 23.676545
59.95194 23.61805
59.97067 23.56136
59.96849 23.50979
59.95055 23.43444
59.95389 23.42666
59.99667 23.47944
59.96027 23.43083
59.95389 23.42666
59.95055 23.43444
59.96849 23.50979
59.97067 23.56136
59.95194 23.61805
59.953683 23.676545
59.938719 23.361974
59.83917 23.2525
59.83666 23.24611
59.82777 23.19389
59.80499 22.90972
59.80639 22.88972
59.81083 22.89194
59.84055 22.93472
59.87917 23.08694
59.88444 23.115
59.88361 23.15611
59.88611 23.16555
59.91944 23.25722
59.941479 23.279406
59.95861 23.29666
60 23.32558
60.02 23.33833
60.0275 23.33528
60.02833 23.33083
60.02066 23.31723
60.01483 23.31123
60 23.29701
59.97944 23.28027
59.94527 23.25055
59.942557 23.247186
59.9325 23.23472
59.92611 23.225
59.925 23.21555
59.92249 23.1175
59.92249 23.10722
59.92611 23.10111
59.93083 23.09805
59.93583 23.0975
59.947438 23.10117
59.96833 23.10778
59.97222 23.11444
59.98528 23.16694
59.99333 23.2025
60 23.21856
60.00333 23.22472
60.03555 23.25972
60.03861 23.25
60.04722 23.19833
60.04833 23.18556
60.0461 23.14666
60.04417 23.12639
60.03944 23.10944
60.03639 23.10167
60.03222 23.08389
60.03139 23.07389
60.03611 23.04944
60.05444 22.99583
60.05778 22.98778
60.06278 22.98555
60.08111 22.9925
60.09139 23.00361
60.10122 23.01729
60.11666 23.04361
60.12083 23.04194
60.12805 23.02778
60.12917 23.0225
60.11194 22.9675
60.12639 22.90611
60.144492 22.87619
60.191133 22.880814
60.226235 22.918583
60.23582 22.936101
60.24833 22.96444
60.25222 22.97111
60.273504 23.005021
60.2775 23.01139
60.28694 23.02305
60.34166 23.08639
60.34694 23.08694
60.35056 23.07889
60.35305 23.06694
60.35333 23.05583
60.30416 22.91917
60.275813 22.844735
60.26194 22.80833
60.255 22.79389
60.24416 22.76056
60.23499 22.72556
60.22916 22.69917
60.22222 22.66278
60.21055 22.575
60.21333 22.55595
60.24027 22.45139
60.24444 22.44722
60.26111 22.46028
60.26666 22.46528
60.281067 22.479941
60.28139 22.48027
60.285 22.48805
60.31249 22.53611
60.37028 22.62028
60.37499 22.62611
60.3811 22.63139
60.38694 22.63361
60.39194 22.63222
60.39305 22.62278
60.39194 22.48361
60.389915 22.415099
60.38583 22.27694
60.39805 22.25916
60.40833 22.23666
60.43139 22.17583
60.44888 22.11472
60.44389 22.08361
60.46527 22.01444
60.48805 21.97111
60.51305 21.94917
60.51861 21.9475
60.52139 21.9375
60.52416 21.86972
60.52416 21.83972
60.51833 21.8375
60.50805 21.84166
60.47194 21.86305
60.4825 21.80306
60.55583 21.79667
60.56194 21.79694
60.56694 21.8
60.57583 21.81361
60.58194 21.82889
60.59499 21.83056
60.61916 21.82444
60.60305 21.775
60.59972 21.76639
60.5525 21.66417
60.50694 21.58833
60.51194 21.58778
60.56249 21.57694
60.56833 21.5575
60.57083 21.54556
60.57472 21.51861
60.57472 21.5075
60.57361 21.49722
60.57 21.48972
60.56472 21.47361
60.56249 21.45277
60.57333 21.43
60.58527 21.41833
60.65361 21.35861
60.67361 21.35472
60.68361 21.355
60.68639 21.36361
60.68639 21.38611
60.75555 21.3925
60.815 21.35555
60.86527 21.32833
60.94083 21.38778
61.03055 21.40555
61.16722 21.44444
61.23555 21.49389
61.27638 21.54444
61.30944 21.55444
61.44722 21.53055
61.50916 21.51944
61.5125 21.51083
61.52 21.4975
61.55055 21.46528
61.56249 21.4725
61.57388 21.49333
61.57305 21.50333
61.54472 21.60333
61.53361 21.65972
61.54694 21.66805
61.60166 21.60139
61.65333 21.53528
61.75527 21.47028
61.76083 21.47083
61.77277 21.47833
61.79778 21.48944
61.80306 21.48805
61.89055 21.41055
61.92944 21.36333
61.94183 21.2996
61.94472 21.28889
61.94805 21.28028
62.00555 21.25333
62.06944 21.28555
62.10889 21.30583
62.152994 21.333331
62.15389 21.33389
62.17944 21.37778
62.18527 21.38277
62.20361 21.39
62.20889 21.38861
62.26 21.37167
62.34889 21.33667
62.35222 21.32777
62.37583 21.25916
62.406728 21.172506
62.41277 21.15555
62.45166 21.11166
62.49139 21.115
62.54749 21.12528
62.59166 21.0675
62.59638 21.06416
62.61222 21.06472
62.76277 21.10194
62.76944 21.10611
62.77444 21.1125
62.78777 21.13028
62.789069 21.132529
62.79194 21.1375
62.86083 21.29805
62.85472 21.33972
62.85444 21.35194
62.85583 21.3625
62.85916 21.37083
62.86388 21.37722
62.86972 21.3825
62.88667 21.39639
62.94333 21.43333
62.9675 21.44583
63.00639 21.45055
63.03027 21.43417
63.03583 21.43472
63.0425 21.43916
63.06583 21.49555
63.06722 21.50611
63.06611 21.51972
63.05944 21.5375
63.05555 21.54444
63.04527 21.54722
63.04083 21.55222
63.0375 21.56111
63.01861 21.62
63.01778 21.67028
63.02 21.67972
63.02499 21.68611
63.02972 21.68278
63.03388 21.67778
63.04583 21.65861
63.04972 21.65167
63.06805 21.61139
63.07583 21.57528
63.07916 21.56639
63.08361 21.56111
63.12055 21.52194
63.13 21.51527
63.139434 21.510951
63.15972 21.50166
63.19194 21.4925
63.1975 21.49305
63.21 21.49778
63.21472 21.50417
63.22861 21.53416
63.23194 21.54277
63.22944 21.55555
63.22611 21.56444
63.22194 21.56944
63.21666 21.57083
63.21222 21.57611
63.20861 21.58305
63.207883 21.585414
63.19305 21.63361
63.19194 21.64722
63.20916 21.69028
63.25694 21.86916
63.25666 21.88194
63.25333 21.89083
63.20611 21.89278
63.18305 21.96666
63.22277 22.08611
63.23083 22.17972
63.23638 22.21694
63.27361 22.33722
63.27944 22.34278
63.31056 22.36778
63.31583 22.37139
63.33972 22.35555
63.3661 22.32722
63.37 22.32027
63.37583 22.29861
63.38611 22.27194
63.41722 22.20305
63.42139 22.19806
63.43083 22.19167
63.44055 22.18556
63.46305 22.18805
63.52416 22.28389
63.52722 22.2925
63.52166 22.32889
63.51833 22.33778
63.48972 22.37611
63.4725 22.39639
63.49889 22.42944
63.58361 22.50528
63.59873 22.51298
63.60777 22.50417
63.61749 22.5
63.62389 22.50278
63.69555 22.58917
63.69944 22.66889
63.69778 22.68055
63.68583 22.69972
63.68111 22.70277
63.66499 22.70778
63.65389 22.70611
63.62167 22.73361
63.61778 22.74083
63.61833 22.7525
63.62583 22.78055
63.64139 22.82444
63.69861 22.9
63.75583 22.93139
63.76083 22.93028
63.76527 22.92528
63.76917 22.91833
63.80111 22.92333
63.85083 23.06639
63.87694 23.14306
63.87917 23.15278
63.88528 23.19527
63.88667 23.20611
63.89666 23.31889
63.93889 23.37194
63.9436 23.36889
63.98694 23.37139
64.04222 23.38
64.0486 23.38472
64.04999 23.39583
64.04999 23.42056
64.04887 23.43472
64.03638 23.51139
64.06444 23.60222
64.09833 23.60833
64.14082 23.65222
64.1586 23.69416
64.1629 23.71166
64.18416 23.72222
64.24388 23.85527
64.26917 23.92667
64.28499 23.92389
64.29694 23.93
64.3811 23.99222
64.38582 23.99944
64.43639 24.12
64.47276 24.20972
64.49693 24.27805
64.51971 24.33528
64.52361 24.34333
64.54305 24.35917
64.57971 24.37666
64.58499 24.37583
64.59944 24.36722
64.61028 24.3675
64.6161 24.36861
64.62221 24.37167
64.6286 24.37694
64.67528 24.425
64.74138 24.53528
64.79582 24.53694
64.80249 24.54222
64.85443 24.73111
64.86916 24.80333
64.89221 25
64.91083 25.07583
64.91277 25.08639
64.91222 25.09972
64.90944 25.11278
64.90555 25.11972
64.86694 25.18028
64.84776 25.19139
64.84332 25.19639
64.82083 25.2275
64.81776 25.23333
64.81499 25.24639
64.8136 25.26083
64.81444 25.2975
64.81776 25.31944
64.82193 25.34
64.82694 25.35972
64.83194 25.36417
64.89166 25.36694
64.90222 25.36556
64.90666 25.36083
64.9086 25.34861
64.90721 25.33722
64.90222 25.31722
64.90389 25.30306
64.92777 25.23361
64.93166 25.22667
64.96193 25.19028
64.96611 25.18833
64.98721 25.20805
64.98917 25.21861
64.98305 25.31194
64.98193 25.32333
64.97444 25.33917
64.96249 25.36
64.95471 25.37611
64.94472 25.4075
64.94415 25.42083
64.94916 25.44055
64.95471 25.44722
64.96054 25.44861
65.03416 25.41306
65.07944 25.37055
65.08833 25.36083
65.09638 25.34694
65.10805 25.29805
65.11083 25.28472
65.17 25.2675
65.26639 25.29305
65.29361 25.30111
65.34583 25.325
65.41083 25.35527
65.44554 25.3575
65.45082 25.35694
65.47694 25.35333
65.48055 25.34916
65.51111 25.31083
65.51917 25.29667
65.55249 25.21972
65.55611 25.21055
65.55888 25.19694
65.56027 25.18222
65.56 25.16972
65.55167 25.15333
65.5511 25.14083
65.5575 25.12333
65.56528 25.10889
65.57332 25.09472
65.59187 25.09274
65.60304 25.08667
65.60693 25.07944
65.61055 25.07027
65.64702 24.89805
65.64977 24.88444
65.65833 24.79611
65.65666 24.77166
65.65054 24.7525
65.64583 24.74472
65.65471 24.66917
65.72333 24.56278
65.72777 24.5575
65.7325 24.55472
65.75388 24.55333
65.77554 24.55389
65.78694 24.55639
65.79332 24.56194
65.85443 24.63
65.8961 24.68916
65.88916 24.63139
65.88611 24.62167
65.83028 24.56333
65.81915 24.56083
65.79527 24.53861
65.794699 24.48744
65.79427 24.44895
65.76833 24.42
65.76639 24.40944
65.77194 24.22611
65.77499 24.21444
65.78915 24.17667
65.79388 24.17333
65.81403 24.16701
65.81999 24.16861
65.83055 24.16666
65.84 24.16055
66.02026 24.03139
66.0725 23.96778
66.10138 23.94861
66.12138 23.94028
66.13554 23.93083
66.14 23.92555
66.14833 23.9125
66.15527 23.89333
66.15805 23.87944
66.15916 23.86417
66.16138 23.84805
66.16666 23.82027
66.16971 23.80833
66.185 23.75472
66.19194 23.73528
66.19583 23.72778
66.20027 23.72222
66.20499 23.71917
66.26332 23.68472
66.30222 23.66639
66.31221 23.66194
66.31722 23.66083
66.43054 23.63916
66.4361 23.64027
66.44832 23.64666
66.45471 23.65222
66.46054 23.65889
66.46527 23.66639
66.50082 23.72528
66.53777 23.80722
66.54388 23.82694
66.5486 23.86194
66.55167 23.87194
66.55722 23.87861
66.56389 23.88416
66.56999 23.8875
66.58167 23.89194
66.68027 23.90278
66.71249 23.90083
66.73778 23.89111
66.74304 23.89
66.74916 23.89361
66.78694 23.93694
66.78888 23.94806
66.79027 23.98778
66.79138 23.99972
66.795 24.00639
66.80055 24.00777
66.81027 24.00111
66.87082 23.95
66.87999 23.94111
66.88416 23.93583
66.93111 23.86694
66.98138 23.78778
66.99194 23.75777
67 23.74444
67.00833 23.73111
67.04749 23.68111
67.14749 23.58056
67.15666 23.57166
67.16194 23.57055
67.23499 23.58667
67.24638 23.59444
67.25943 23.60555
67.26332 23.61444
67.26639 23.62472
67.2686 23.63583
67.27554 23.68305
67.27805 23.70805
67.28166 23.73167
67.28471 23.74167
67.28944 23.74972
67.31444 23.77333
67.32639 23.78194
67.33221 23.78305
67.41083 23.76889
67.41611 23.76778
67.42027 23.76194
67.4261 23.735
67.45 23.58194
67.45332 23.54916
67.45194 23.53666
67.44804 23.5275
67.4386 23.51194
67.43639 23.50055
67.43805 23.48694
67.4411 23.47444
67.44472 23.46417
67.4525 23.44833
67.46555 23.43111
67.47583 23.42889
67.48583 23.43
67.49194 23.43333
67.55638 23.47194
67.66554 23.50777
67.71249 23.49139
67.81694 23.47
67.82277 23.47111
67.86305 23.48333
67.86916 23.48694
67.87582 23.4925
67.88361 23.51111
67.89 23.54556
67.89526 23.59639
67.89749 23.60778
67.91306 23.64472
67.91805 23.65278
67.9236 23.65972
67.92999 23.66555
67.93639 23.66722
67.94167 23.66611
67.95082 23.65694
67.95471 23.64889
67.99249 23.53167
68.0425 23.39444
68.05554 23.37694
68.06471 23.3675
68.0836 23.35333
68.28638 23.06694
68.29027 23.05861
68.29388 23.04805
68.31776 22.96944
68.32222 22.93639
68.32832 22.91028
68.33167 22.89972
68.3575 22.86361
68.38388 22.82972
68.38805 22.82361
68.42082 22.67389
68.42249 22.65972
68.42722 22.58167
68.44013 22.5
68.45166 22.43055
68.46361 22.37194
68.46443 22.1675
68.46555 22.15083
68.47611 22.06389
68.47916 22.05055
68.48305 22.04194
68.48778 22.03806
68.49805 22.035
68.52361 21.99778
68.54388 21.95944
68.55527 21.93389
68.56999 21.89722
68.5725 21.88139
68.57361 21.86472
68.57027 21.82472
68.57054 21.80917
68.57443 21.77333
68.57694 21.7575
68.5836 21.73555
68.59111 21.71833
68.60056 21.71055
68.60638 21.71111
68.61249 21.71417
68.61722 21.71028
68.62082 21.70166
68.64249 21.64278
68.64943 21.62306
68.6561 21.60111
68.6586 21.58528
68.66165 21.55055
68.66832 21.50083
68.67139 21.4875
68.67806 21.46555
68.68666 21.45277
68.6911 21.44861
68.72415 21.42056
68.8161 21.21666
68.81972 21.20778
68.86665 21.08139
68.87332 21.05889
68.87749 21.02472
68.87944 20.99083
68.87999 20.95944
68.88138 20.94472
68.88666 20.91528
68.89 20.90416
68.8936 20.89528
68.89804 20.88861
68.90778 20.88277
68.91333 20.88305
68.92583 20.88889
68.93944 20.91555
68.94638 20.93111
68.95277 20.93833
68.95833 20.93889
68.96832 20.93278
68.97305 20.92861
68.98555 20.90889
68.9975 20.88444
69.00499 20.86667
69.01193 20.84639
69.02333 20.79166
69.0311 20.74416
69.04379 20.65006
69.05306 20.60416
69.0603 20.58093
69.06944 20.60944
69.08722 20.675
69.09277 20.6975
69.09583 20.72389
69.09638 20.73833
69.0936 20.77389
69.08638 20.82222
69.0836 20.83583
69.05861 20.93556
69.04527 20.98055
69.03333 21.03305
69.03444 21.05944
69.03915 21.0675
69.045 21.07417
69.05804 21.08472
69.0961 21.10972
69.10222 21.1125
69.10805 21.11305
69.11777 21.07917
69.12639 21.06611
69.14055 21.05361
69.16083 21.04222
69.20805 21.02805
69.21304 21.0325
69.21889 21.03917
69.22861 21.055
69.32611 21.32083