83.59638 -31.87194
83.56722 -31.15417
83.57304 -30.84444
83.60027 -30.59722
83.5961 -30.215
83.52916 -29.25472
83.51971 -29.21333
83.49803 -29.25556
83.47998 -29.15722
83.48166 -29.05667
83.48831 -29.02695
83.50333 -29.0575
83.50722 -29.02167
83.50833 -28.5675
83.49414 -28.51306
83.47804 -28.56
83.47121 -28.90805
83.41609 -28.6025
83.43027 -28.14972
83.45943 -28.4375
83.48166 -27.91389
83.46661 -27.43283
83.4211 -26.75167
83.36971 -26.1
83.33055 -25.80028
83.29332 -25.65361
83.27748 -25.67194
83.20665 -26.03889
83.1436 -26.95611
83.13472 -27.75695
83.16943 -28.81
83.17137 -30.0475
83.15054 -30.54389
83.11137 -30.84056
83.09554 -31.31028
83.05693 -31.66028
83.05165 -31.92917
83.1386 -33.07417
83.14694 -33.47472
83.11832 -33.25362
83.11775 -32.96722
83.103301 -32.808904
83.08859 -32.64806
83.05776 -32.49806
83.04694 -32.47138
83.0361 -32.49472
83.017937 -32.898163
82.98804 -33.56
82.93553 -34.13167
82.90665 -35.60861
82.88638 -35.29639
82.86581 -35.41945
82.76444 -35.55139
82.74304 -35.48834
82.75722 -35.39806
82.79526 -35.37805
82.84471 -35.3075
82.90637 -34.88695
82.90332 -33.92445
82.87665 -33.83167
82.84749 -33.80556
82.8261 -33.8075
82.79332 -33.9375
82.78888 -33.88194
82.83083 -33.69028
82.84915 -33.68805
82.8886 -33.73194
82.91304 -33.72888
82.94525 -33.53695
82.963531 -32.954488
82.99414 -31.97583
82.9836 -31.77528
82.96805 -31.71944
82.94193 -31.72472
82.93137 -31.70916
82.92915 -31.64361
82.93749 -31.59306
82.95277 -31.58667
82.99465 -31.46967
83.07027 -30.88278
83.08028 -30.35667
83.12553 -30.05944
83.13443 -29.43639
83.10498 -28.55306
83.07416 -28.2675
83.05693 -28.25278
83.04193 -28.1775
83.07916 -27.92583
83.05721 -27.17389
83.06081 -26.665
83.10332 -26.25945
83.16332 -25.18833
83.15166 -24.98444
83.1111 -24.84528
83.08055 -24.98722
83.04721 -24.93083
83.0125 -24.75778
83.00082 -24.75111
82.98888 -24.7675
82.90776 -25.09084
82.84415 -25.24305
82.78388 -25.60695
82.7747 -25.89695
82.77916 -25.48778
82.82721 -24.99861
82.89861 -24.58667
82.8797 -24.20667
82.91165 -23.99278
82.89249 -23.84111
82.86554 -24.02556
82.75722 -24.02222
82.77832 -23.76806
82.78998 -23.73833
82.81303 -23.74833
82.83221 -23.68778
82.84888 -23.37889
82.82971 -23.19528
82.81833 -23.16833
82.80081 -23.17333
82.79526 -23.16028
82.78804 -22.94416
82.75833 -22.83389
82.76971 -22.66028
82.78638 -22.63778
82.79637 -22.64361
82.79471 -22.59945
82.7161 -22.0675
82.68915 -21.77834
82.61388 -21.31861
82.59638 -21.32028
82.54999 -21.43139
82.47054 -21.94778
82.44721 -22.21611
82.4211 -22.30778
82.39415 -22.20055
82.38193 -22.20861
82.33083 -22.48167
82.28998 -23.05
82.29137 -23.765
82.25305 -24.17639
82.18831 -24.60528
82.15248 -25.06889
82.14415 -26.16389
82.18637 -27.9675
82.17192 -28.2675
82.17804 -28.55972
82.13666 -29.24028
82.14554 -29.56334
82.13054 -29.78722
82.13388 -29.85417
82.16748 -29.95528
82.18858 -30.35917
82.20749 -31.61889
82.18803 -31.42833
82.17581 -30.45556
82.13832 -30.02583
82.09721 -29.91167
82.08888 -29.91833
82.056607 -30.32538
81.99443 -31.105
81.96999 -31.20083
81.96776 -31.46833
81.92221 -31.9525
81.91609 -32.1825
81.86054 -32.77222
81.81276 -33.06139
81.77388 -33.09834
81.66638 -33.04611
81.65637 -33.01833
81.68054 -32.56445
81.74387 -32.3514
81.83138 -31.62722
81.87248 -30.71139
81.94165 -29.72333
81.93304 -29.68694
81.89554 -29.77028
81.87053 -29.75889
81.86832 -29.63917
81.92137 -29.43055
81.93581 -29.48694
81.94609 -29.47611
81.99443 -28.99722
82.0247 -27.37
81.99637 -25.23889
81.9836 -25.2025
81.82083 -25.24583
81.77609 -25.3175
81.74803 -25.42833
81.56165 -26.84195
81.524457 -27.335772
81.50472 -27.59695
81.4861 -27.63083
81.47499 -27.61889
81.45444 -27.5175
81.4511 -27.235
81.40833 -27.18444
81.39861 -27.21111
81.3911 -27.57278
81.38081 -27.32861
81.42165 -26.88194
81.49332 -26.5475
81.53442 -26.06306
81.556814 -25.872881
81.64305 -25.13583
81.69136 -24.94667
81.68997 -24.74917
81.7186 -24.54611
81.70833 -24.21056
81.76888 -24.1025
81.86527 -24.1525
81.94775 -24.12
82.00305 -24.03722
82.00972 -24.00222
82.011277 -23.985505
82.04582 -23.61389
82.08443 -22.30139
82.07361 -22.25028
81.997847 -22.114027
81.95139 -22.03111
81.76805 -21.95972
81.73305 -21.97361
81.640788 -22.050277
81.55498 -22.12083
81.48387 -22.19889
81.32304 -22.56334
81.29749 -22.7425
81.29332 -22.96417
81.26166 -22.76195
81.16165 -23.00584
81.08249 -23.34084
81.05415 -23.34806
81.0361 -23.37667
80.965 -23.67389
80.88916 -23.87944
80.85471 -23.87028
80.80664 -23.80361
80.72887 -23.97583
80.68442 -24.41945
80.67804 -24.43194
80.67387 -24.40389
80.69109 -24.17222
80.68304 -24.06222
80.66666 -24.18028
80.56944 -24.51722
80.55081 -24.54472
80.54082 -24.51167
80.54887 -24.38194
80.71666 -23.67194
80.77666 -23.62861
80.81249 -23.50639
80.82916 -23.50806
80.86832 -23.58445
80.88944 -23.55944
80.90637 -23.26528
80.99275 -22.76167
80.99942 -22.745
81.02832 -22.76111
81.03915 -22.745
81.13721 -22.36389
81.20499 -22.09056
81.24582 -21.75945
81.25722 -21.75139
81.27416 -21.77583
81.29804 -21.74722
81.3311 -21.48055
81.36081 -21.44861
81.41443 -21.44833
81.46555 -21.17194
81.58055 -20.76917
81.665859 -20.080395
81.68304 -19.94083
81.6747 -19.91028
81.664102 -19.943537
81.665859 -20.080395
81.68304 -19.94083
81.6747 -19.91028
81.664102 -19.943537
81.62804 -20.05639
81.60138 -20.23139
81.56192 -20.21694
81.4511 -20.30556
81.4236 -20.25222
81.43304 -20.10778
81.49582 -19.92417
81.55193 -19.55667
81.55498 -19.22889
81.54193 -18.97361
81.47388 -18.87611
81.48221 -18.79417
81.49887 -18.77417
81.51915 -18.775
81.52971 -18.72278
81.48915 -18.51611
81.45915 -18.47694
81.43858 -18.24944
81.46805 -18.01722
81.48637 -18.00917
81.54248 -18.04139
81.55803 -17.95
81.5522 -17.78417
81.60304 -17.60833
81.63721 -17.88833
81.67221 -17.9275
81.73248 -17.85639
81.72527 -17.59306
81.68997 -17.45139
81.70194 -17.35389
81.75 -17.54167
81.85359 -17.53473
81.86249 -17.5025
81.83638 -17.32
81.85915 -17.12722
81.85721 -16.89528
81.87303 -16.83972
81.90526 -16.90944
81.93193 -16.70055
81.91499 -16.48583
81.92082 -16.16722
81.90138 -15.66306
81.92804 -15.1
81.91832 -14.76806
81.8672 -14.38472
81.86081 -14.16083
81.82222 -13.91028
81.78082 -13.16917
81.7247 -12.77972
81.64597 -12.56045
81.60332 -12.155
81.53859 -12.32222
81.47916 -12.58278
81.4036 -13.11333
81.35138 -13.24389
81.32805 -13.19889
81.32222 -13.21972
81.30554 -13.51195
81.27832 -13.65222
81.21332 -13.7675
81.14194 -14.02722
81.12553 -14.26806
81.12831 -14.97528
81.08888 -15.14028
81.07748 -15.13472
81.00082 -14.94111
80.94693 -14.65056
80.91998 -14.67806
80.87526 -14.95667
80.85555 -15.56611
80.82999 -15.83
80.8022 -15.92333
80.72859 -16.005
80.7272 -16.37695
80.7061 -16.67444
80.74275 -17.13222
80.74275 -17.66444
80.80525 -17.95916
80.79221 -18.0225
80.75305 -18.03361
80.72609 -17.99694
80.71443 -18.01778
80.69664 -18.22278
80.62526 -18.57778
80.61832 -18.75111
80.64166 -19.36583
80.67026 -19.62528
80.6872 -20.0875
80.58499 -20.57972
80.57555 -21.2475
80.56499 -21.24722
80.55803 -21.19028
80.55248 -20.81139
80.51416 -20.84389
80.49832 -20.81167
80.50777 -20.71972
80.55248 -20.64278
80.58472 -20.26222
80.63666 -20.15639
80.64694 -20.06861
80.63582 -19.65556
80.62442 -19.53167
80.60027 -19.47166
80.58693 -18.92444
80.54553 -18.5125
80.54694 -18.16528
80.56972 -17.86139
80.62276 -17.55889
80.6297 -17.43861
80.56638 -16.97528
80.54054 -16.22472
80.50249 -16.11389
80.42249 -16.45278
80.38054 -16.54195
80.37053 -16.68556
80.4036 -16.60778
80.40416 -16.75889
80.39055 -16.76917
80.36192 -16.725
80.33611 -16.58972
80.26054 -16.90861
80.23442 -17.145
80.23637 -17.96972
80.21082 -18.37972
80.2397 -18.77583
80.24109 -19.08222
80.28027 -19.45472
80.27638 -19.84611
80.23554 -20.04334
80.17221 -20.13528
80.14999 -20.19889
80.10582 -20.55472
80.08333 -20.36361
80.065059 -20.397472
80.05996 -19.976119
80.05942 -19.97556
80.05914 -19.90833
80.015499 -19.882293
80.04721 -19.52723
80.08221 -19.43361
80.10332 -19.28944
80.07958 -18.91213
80.12831 -18.4025
80.14194 -17.96778
80.12608 -17.69333
80.05971 -17.45
79.81667 -17.99111
79.75499 -18.2225
79.74109 -18.49667
79.7786 -18.86195
79.78888 -19.22861
79.73888 -19.44555
79.66138 -19.63139
79.64972 -19.63778
79.62997 -19.57639
79.56387 -19.595
79.557866 -19.615851
79.328545 -19.486651
79.32083 -19.22417
79.29999 -19.09167
79.27361 -19.10445
79.24916 -19.17667
79.21805 -19.20639
79.19803 -19.18417
79.22415 -19.10417
79.20055 -19.07889
79.18581 -19.10528
79.16887 -19.30667
79.25749 -19.29445
79.27894 -19.19678
79.27499 -19.37833
79.250723 -19.443428
79.221176 -19.427099
79.12637 -19.375
79.001014 -18.119493
78.99776 -18.12
78.99275 -18.03722
78.81137 -19.34695
78.85332 -19.32556
78.87747 -19.205
78.94664 -19.18639
78.95305 -19.19083
78.95332 -19.24167
78.94331 -19.33472
78.92554 -19.40722
78.82916 -19.68861
78.80721 -19.74583
78.79526 -19.75667
78.77443 -19.71917
78.73581 -19.55639
78.72443 -19.41611
78.74136 -19.27472
78.77083 -19.15944
78.78194 -19.255
78.77943 -19.40167
78.78333 -19.41778
78.79305 -19.41111
78.7986 -19.35778
78.79804 -19.19056
78.802464 -19.18422
78.754012 -18.301105
78.73943 -18.29278
78.75082 -18.24305
78.678374 -18.381568
78.68526 -18.47805
78.66332 -18.59361
78.60609 -18.73889
78.59387 -18.72833
78.57721 -18.65028
78.57805 -18.57195
78.482289 -19.004627
78.48055 -18.99
78.47499 -18.96417
78.46915 -18.96722
78.4661 -18.98583
78.45526 -19.12611
78.432215 -19.068699
78.43027 -19.08972
78.42526 -19.09778
78.41971 -19.09611
78.40804 -19.08306
78.39388 -19.00917
78.39166 -18.98666
78.39249 -18.97
78.36308 -19.089329
78.41081 -19.21222
78.42047 -19.30668
78.41193 -19.37194
78.39444 -19.4025
78.33221 -19.37583
78.31722 -19.3375
78.31387 -19.28833
78.27666 -19.63333
78.271203 -19.562097
78.26888 -19.56861
78.24721 -19.595
78.23804 -19.55361
78.24136 -19.49056
78.16138 -20.52667
78.1461 -20.91583
78.095695 -19.550076
78.01582 -20.53611
77.988701 -20.697941
77.97415 -20.60584
77.96361 -20.59722
77.94386 -20.62167
77.93332 -20.60361
77.92873 -20.58214
77.87082 -20.31195
77.82138 -19.92944
77.78888 -19.42639
77.76305 -19.24
77.70055 -19.07834
77.66011 -19.009622
77.62886 -18.95667
77.61415 -19.16361
77.58028 -19.30333
77.6136 -19.55306
77.655685 -19.729034
77.71249 -19.9675
77.72916 -20.25695
77.69942 -20.41028
77.71054 -20.65222
77.66887 -20.91389
77.652444 -20.779704
77.59915 -20.34555
77.5547 -20.24555
77.56833 -20.48083
77.54665 -20.65305
77.55248 -20.43861
77.52748 -20.35722
77.50722 -20.40389
77.537355 -20.937969
77.507338 -20.808515
77.505527 -20.796382
77.49304 -20.71278
77.4536 -20.01195
77.44304 -20.00834
77.43248 -20.04528
77.41332 -20.20361
77.43332 -20.53944
77.40915 -20.76917
77.4036 -20.49028
77.38304 -20.30195
77.39972 -19.86
77.38693 -19.70667
77.35359 -19.52306
77.31667 -19.41222
77.29749 -19.39806
77.25055 -19.46139
77.23998 -19.42083
77.26193 -19.295
77.22693 -19.01278
77.28554 -19.01695
77.32805 -19.07444
77.37276 -18.96889
77.34276 -18.39583
77.30054 -18.25889
77.27748 -18.23194
77.08749 -18.14472
76.94832 -18.12056
76.88109 -18.18306
76.80609 -18.30528
76.8147 -18.50695
76.79721 -18.51584
76.75139 -18.4425
76.74136 -18.4575
76.78749 -18.55861
76.85609 -18.91083
76.86165 -19.29695
76.95972 -19.87111
76.9422 -20.17139
76.98831 -20.72305
76.98193 -20.97778
76.94359 -21.03584
76.95665 -20.75
76.93027 -20.58695
76.91499 -20.59195
76.86998 -20.77889
76.89916 -21.11667
76.89888 -21.57667
76.88361 -21.72889
76.85748 -21.46833
76.86499 -21.02528
76.84248 -20.93944
76.829632 -20.945
76.82193 -20.94833
76.78581 -21.06833
76.80817 -21.22139
76.79665 -21.30528
76.78305 -21.28889
76.74109 -21.32667
76.64471 -21.605
76.65915 -21.74861
76.62221 -21.93222
76.63721 -22.18417
76.58138 -22.33833
76.568158 -22.33341
76.568063 -22.453401
76.55974 -22.446294
76.54553 -22.43417
76.51138 -22.32917
76.449529 -22.22938
76.44921 -22.505078
76.421956 -22.382648
76.41249 -22.19
76.4397 -21.585
76.43137 -21.56889
76.37943 -21.55695
76.33305 -21.64639
76.267715 -21.694275
76.25979 -21.700068
76.25 -21.70722
76.243844 -21.693033
76.23915 -21.68222
76.21999 -21.49778
76.26 -21.37917
76.260859 -21.368018
76.266659 -21.292716
76.28055 -21.11222
76.266065 -21.066918
76.261871 -21.053812
76.22665 -20.94389
76.15694 -20.60417
76.13388 -20.56139
76.13777 -20.42056
76.25526 -20.99361
76.262011 -21.010442
76.265942 -21.020247
76.29221 -21.08584
76.30693 -21.065
76.30165 -20.88
76.265043 -20.678587
76.263114 -20.667987
76.22054 -20.43444
76.25916 -19.94611
76.22859 -19.80584
76.13248 -19.66806
76.05971 -19.71611
76.05832 -19.98194
75.98109 -20.36028
76.00028 -20.91611
75.974035 -21.575192
75.956398 -21.567566
75.96138 -20.70667
75.92331 -20.33333
75.93442 -19.98861
75.90915 -19.825
75.86832 -19.70972
75.77165 -19.55584
75.73276 -19.55722
75.6736 -19.61195
75.55998 -19.39611
75.40498 -19.33556
75.36499 -19.36611
75.330081 -19.372758
75.25972 -19.38611
75.19664 -19.46333
75.13304 -19.61
75.14583 -19.88278
75.1872 -20.005
75.24915 -20.02306
75.27277 -19.95694
75.28442 -19.95667
75.33167 -20.13556
75.33554 -20.3075
75.29776 -20.48
75.29248 -20.68528
75.354324 -20.956178
75.40277 -21.16917
75.42609 -21.20889
75.47054 -21.23333
75.51361 -21.379134
75.54971 -21.50167
75.65498 -22.08944
75.66415 -22.25111
75.65526 -22.28667
75.64388 -22.27361
75.61137 -22.035
75.52443 -21.60889
75.45305 -21.40722
75.47748 -22.11306
75.51582 -22.41472
75.53194 -22.46528
75.55525 -22.47611
75.55054 -22.505
75.53082 -22.51139
75.51221 -22.47556
75.46111 -22.05333
75.45888 -21.82889
75.4236 -21.415
75.40721 -21.37389
75.36137 -21.32556
75.359812 -21.315002
75.04971 -20.29528
75.04721 -20.41528
75.02554 -20.51389
74.98305 -20.61111
74.92804 -20.54084
74.91054 -20.54667
74.895503 -20.556667
74.86914 -20.57417
74.81165 -20.68778
74.73109 -20.45083
74.711923 -20.298368
74.7036 -20.23222
74.70444 -20.06833
74.711962 -20.049642
74.712191 -18.588157
74.691927 -18.566157
74.597153 -18.734571
74.5761 -18.72583
74.5636 -18.73611
74.55304 -18.765
74.53832 -18.83861
74.538762 -19.287009
74.52193 -19.27917
74.48166 -18.97778
74.42165 -19.08806
74.39777 -19.17305
74.36581 -19.1625
74.34444 -19.17944
74.26082 -19.37778
74.23749 -19.685
74.27249 -20.13167
74.30359 -20.21222
74.36499 -20.23889
74.4447 -20.37444
74.47165 -21.25917
74.44721 -21.66111
74.48387 -21.8175
74.51749 -21.84139
74.54132 -21.879898
74.541416 -21.977779
74.52138 -21.92528
74.422607 -21.769979
74.421773 -21.50223
74.44637 -21.34639
74.45387 -21.17444
74.44609 -20.97222
74.41998 -20.92695
74.42859 -20.80667
74.40138 -20.53167
74.34943 -20.43444
74.31053 -20.46417
74.27332 -20.42778
74.2336 -20.32639
74.20499 -20.125
74.17831 -20.1425
74.16026 -20.19278
74.139851 -20.446779
73.925201 -20.084407
73.93276 -20.11361
73.93637 -20.15472
73.93692 -20.17972
73.93359 -20.22278
73.93027 -20.23222
73.92638 -20.23472
73.9211 -20.235
73.9147 -20.22805
73.88431 -20.102814
73.883996 -20.330689
73.87997 -20.28306
73.84027 -20.26306
73.78998 -20.28722
73.77026 -20.45389
73.72083 -20.53306
73.6375 -20.45861
73.5961 -20.47417
73.55664 -20.52278
73.52721 -20.37
73.4686 -20.43722
73.45277 -20.50111
73.45305 -21.23389
73.48248 -21.45445
73.47804 -21.56083
73.46304 -21.61361
73.38416 -21.6775
73.34027 -21.93389
73.25 -22.18944
73.25055 -22.37917
73.31609 -22.73694
73.31776 -22.89555
73.35054 -23.1125
73.39833 -23.22278
73.4111 -23.37583
73.4447 -23.50639
73.47609 -23.55556
73.59276 -23.98361
73.66026 -24.03528
73.70248 -24.03222
73.72221 -23.98278
73.70387 -23.50806
73.55582 -22.84778
73.54443 -22.69444
73.62637 -22.18611
73.6136 -22.41778
73.58083 -22.54084
73.56303 -22.74722
73.72665 -23.48917
73.74693 -23.89222
73.81165 -24.00917
73.8147 -24.04417
73.77638 -24.33333
73.7011 -24.45055
73.6411 -24.46528
73.55054 -24.37917
73.53581 -24.46306
73.57111 -24.61195
73.56944 -24.73055
73.61304 -24.95972
73.63805 -24.995
73.68221 -24.96222
73.70833 -24.9825
73.74498 -25.18389
73.81581 -25.41583
73.876883 -25.479549
73.876693 -25.617421
73.8647 -25.58667
73.84332 -25.56306
73.82166 -25.57278
73.81081 -25.56083
73.74942 -25.37083
73.69026 -25.08944
73.66249 -25.08556
73.63472 -25.11472
73.61804 -25.09139
73.59166 -25.02417
73.52165 -24.67667
73.49332 -24.69917
73.46166 -25.315
73.412193 -25.46366
73.408582 -25.474495
73.40221 -25.49361
73.3372 -25.49667
73.26361 -25.72139
73.24664 -25.8275
73.24165 -26.135
73.25694 -26.21111
73.29526 -26.26945
73.3372 -26.43528
73.34193 -26.48833
73.31972 -26.57
73.33499 -26.8175
73.403878 -27.040299
73.412576 -27.068495
73.44026 -27.15833
73.456586 -27.186276
73.49165 -27.24639
73.49248 -27.3375
73.45526 -27.45333
73.44109 -27.45722
73.412643 -27.348133
73.403063 -27.311439
73.172424 -27.382581
73.1561 -27.63805
73.1297 -27.72861
73.13388 -27.48778
73.10999 -27.40639
73.10253 -27.403953
73.007824 -27.373105
72.987214 -27.374381
72.93581 -27.52222
72.92442 -27.4975
72.92777 -27.44583
72.95165 -27.376579
72.97276 -27.31528
73.007817 -27.314807
73.10234 -27.300769
73.11971 -27.265
73.14722 -27.14778
73.101184 -26.673837
73.10116 -26.661008
73.12137 -26.58306
73.18027 -26.495
73.19359 -26.44917
73.19803 -25.99194
73.18109 -25.85083
73.14166 -25.76417
73.11748 -25.62972
73.098968 -25.472357
73.08888 -25.38667
73.08276 -25.05389
73.01915 -24.98555
73.00833 -24.98944
73.007526 -24.991137
72.92748 -25.15972
72.89137 -25.31972
72.89554 -25.71278
72.838867 -25.84829
72.82721 -25.87611
72.823958 -25.888405
72.7872 -26.02723
72.785157 -26.077846
72.786569 -26.303683
72.77083 -26.39778
72.71054 -26.77972
72.73499 -26.31556
72.7236 -26.30556
72.63361 -26.36583
72.58777 -26.46611
72.57639 -26.47528
72.57222 -26.46278
72.71332 -26.13361
72.74387 -25.87
72.780887 -25.744279
72.783026 -25.737006
72.825389 -25.592787
72.83305 -25.56667
72.82944 -25.47278
72.826034 -25.459634
72.780186 -25.282952
72.779176 -25.279065
72.75638 -25.19139
72.71944 -24.8425
72.67221 -24.69917
72.64665 -24.74167
72.58527 -24.72139
72.54915 -24.60305
72.5211 -24.61472
72.43109 -25.11972
72.43776 -25.47778
72.41693 -25.90667
72.38611 -25.75417
72.40582 -25.48889
72.38443 -25.28917
72.23859 -25.48528
72.12137 -25.52667
72.14804 -25.39084
72.20638 -25.40639
72.27388 -25.36139
72.35776 -25.19361
72.42777 -24.8075
72.4211 -24.58833
72.41193 -24.52056
72.35443 -24.42417
72.32832 -24.32556
72.27222 -24.06361
72.24193 -23.75611
72.20972 -23.71278
72.17609 -23.70583
72.14804 -23.64667
72.06554 -23.11111
72.05277 -23.08972
72.03859 -23.10305
72.01749 -23.19528
72.00388 -23.16444
71.99414 -23.10194
72.01138 -23.02861
71.96111 -22.73722
71.90027 -22.50361
71.88165 -22.50584
71.86554 -22.6
71.7961 -22.76722
71.72249 -23.03111
71.66887 -23.12722
71.62608 -23.12556
71.63693 -22.99694
71.68581 -22.88139
71.79526 -22.43444
71.77971 -22.40417
71.74443 -22.43778
71.65721 -22.65944
71.57916 -22.63917
71.57166 -22.62222
71.63582 -22.39778
71.72665 -22.30695
71.75194 -22.22889
71.74081 -21.89583
71.67638 -21.99472
71.63304 -22.21889
71.61775 -22.11334
71.60887 -22.1025
71.59888 -22.11917
71.58388 -22.42361
71.54971 -22.50639
71.4772 -22.54139
71.39415 -22.49222
71.26305 -22.47333
71.24693 -22.43722
71.25833 -22.36583
71.31554 -22.33
71.37248 -22.33028
71.43276 -22.28139
71.49332 -22.09333
71.48637 -22.01722
71.50943 -21.80556
71.40054 -21.67083
71.37581 -21.76945
71.35748 -21.8
71.31499 -21.81667
71.3311 -21.71555
71.32304 -21.60361
71.27748 -21.81778
71.26389 -21.96167
71.23193 -21.90278
71.26489 -21.80578
71.24721 -21.72472
71.18637 -21.66444
71.14916 -21.6875
71.10193 -21.78944
71.05359 -22.33389
71.04137 -22.165
71.07971 -21.79139
71.06833 -21.68111
70.96277 -21.59306
70.82277 -21.70222
70.79553 -21.75556
70.79305 -21.82861
70.81192 -21.90278
70.8022 -21.92917
70.77416 -21.83
70.79471 -21.63722
70.7061 -21.54667
70.7036 -21.76334
70.66249 -21.65389
70.57971 -21.77723
70.58472 -21.61667
70.53998 -21.47472
70.47192 -21.565
70.4372 -21.64417
70.38971 -21.95833
70.40721 -22.00028
70.45499 -21.94028
70.46944 -21.94194
70.49803 -22.03528
70.49165 -22.12194
70.45416 -22.22472
70.44165 -22.37722
70.49942 -22.41722
70.59721 -22.41472
70.66249 -22.47417
70.83804 -22.42833
70.85054 -22.50695
70.80415 -22.58361
70.7161 -22.64611
70.65582 -22.64806
70.61527 -22.58667
70.57639 -22.56389
70.47499 -22.59528
70.44664 -22.62278
70.42748 -22.74833
70.43915 -23.34583
70.56694 -23.82834
70.65221 -24.02195
70.79498 -24.18194
70.93082 -24.23194
71.01305 -24.1925
71.0911 -24.27917
71.20999 -24.57333
71.33221 -24.74
71.3022 -24.87194
71.29833 -25.09917
71.35999 -25.25
71.39166 -25.28167
71.4872 -25.53972
71.51389 -25.56472
71.5372 -25.62389
71.57887 -26.32861
71.54166 -26.71111
71.5786 -26.95028
71.67276 -27.17611
71.73888 -27.21306
71.85971 -27.60889
71.87886 -27.63111
71.89554 -27.60389
71.93027 -27.69389
71.97331 -27.8825
71.97693 -28.09917
72 -28.2225
72.0461 -28.31111
72.13109 -28.57806
72.12442 -28.63972
72.09166 -28.70139
72.07639 -28.69333
72.07666 -28.54528
72.0125 -28.35472
71.99332 -28.37333
71.97554 -28.48889
71.96138 -28.49472
71.93665 -28.46111
71.89916 -27.84639
71.87276 -27.80167
71.84554 -27.87222
71.75943 -27.57139
71.70972 -27.325
71.63582 -27.40805
71.64665 -27.65333
71.57639 -28.06556
71.5622 -28.34695
71.57944 -28.48444
71.56303 -28.49167
71.55248 -28.46694
71.54109 -28.395
71.55193 -28.05389
71.61276 -27.63111
71.60248 -27.385
71.56638 -27.125
71.51888 -27.24639
71.5186 -27.32222
71.4836 -27.235
71.52998 -27.01972
71.47582 -26.675
71.50278 -26.42111
71.48804 -26.18055
71.50028 -25.87778
71.47165 -25.71972
71.38443 -25.55306
71.3736 -25.44583
71.34915 -25.41139
71.27249 -25.41139
71.21249 -25.51556
71.25499 -25.77611
71.19331 -25.59695
71.18304 -25.58083
71.16914 -25.59778
71.130198 -25.73961
71.05582 -26.00972
71.0372 -26.25945
70.96027 -26.47889
70.940584 -26.68108
70.89055 -27.02834
70.87439 -27.14959
70.79582 -27.26722
70.73082 -27.52028
70.65193 -27.67
70.651645 -27.675028
70.63998 -27.88111
70.60054 -28.02723
70.57639 -28.06667
70.45471 -28.13667
70.42831 -28.06667
70.42886 -27.87806
70.47388 -27.26334
70.502415 -27.059969
70.45769 -26.876516
70.47859 -26.72444
70.46776 -26.49611
70.37303 -26.32222
70.348579 -26.430646
70.256737 -26.057187
70.35526 -25.6375
70.41443 -25.22916
70.39943 -25.19861
70.31581 -25.34695
70.29749 -25.35389
70.27388 -25.32945
70.27249 -25.23
70.34166 -25.10972
70.36304 -25.03111
70.25499 -24.53278
70.10609 -23.56056
70.080004 -22.810119
70.09833 -22.49416
70.14833 -22.21806
70.15166 -22.11778
70.13998 -22.08083
70.11054 -22.10139
70.01444 -22.265
69.96944 -22.38222
69.98137 -22.47972
69.93414 -22.61389
69.9586 -22.84639
69.95082 -22.91195
69.92082 -22.90644
69.89471 -22.77723
69.88638 -22.76861
69.88193 -22.78111
69.89027 -22.90833
69.93359 -22.98666
69.94165 -23.04611
69.91638 -23.09361
69.88721 -23.04334
69.87082 -23.04
69.88306 -23.19608
69.86554 -23.26278
69.8586 -23.27556
69.84776 -23.23222
69.84694 -23.06361
69.81888 -22.92639
69.81192 -22.91
69.7961 -22.91278
69.75722 -22.99583
69.79109 -23.19944
69.83554 -23.25695
69.85555 -23.365
69.84888 -23.39472
69.83638 -23.32528
69.76639 -23.24944
69.74693 -23.25056
69.75526 -23.39583
69.72665 -23.65722
69.75526 -23.93055
69.70999 -23.68861
69.643082 -23.603811
69.6236 -23.57917
69.55359 -23.66056
69.50749 -23.81945
69.551935 -24.059342
69.540778 -24.125179
69.54054 -24.12389
69.5125 -24.08417
69.47276 -24.07639
69.42276 -24.16833
69.41249 -24.3425
69.35803 -24.43306
69.39444 -24.65222
69.3736 -24.66945
69.32193 -24.61389
69.27499 -24.60861
69.24693 -24.66417
69.23888 -24.805
69.29694 -25.08778
69.27443 -25.20972
69.22943 -25.27723
69.22499 -25.05611
69.20833 -24.99083
69.16332 -24.99278
69.11638 -25.04306
69.0186 -25.30556
69.10359 -25.60944
69.08249 -25.64195
68.98387 -25.445
68.96555 -25.44194
68.95526 -25.7025
68.92831 -25.70861
68.9147 -25.57972
68.86832 -25.62695
68.84833 -25.78417
68.78499 -25.95778
68.78166 -26.15222
68.73776 -26.25056
68.69803 -26.27111
68.66748 -26.36334
68.65138 -26.6525
68.65665 -26.70389
68.6772 -26.72
68.64694 -26.89417
68.57639 -27.05806
68.60109 -27.16972
68.6022 -27.325
68.58666 -27.33528
68.55165 -27.22472
68.54526 -27.21583
68.53638 -27.22972
68.54027 -27.4975
68.55248 -27.52472
68.57388 -27.48833
68.58055 -27.56334
68.5361 -27.68333
68.51221 -27.70639
68.49443 -27.61583
68.48387 -27.60167
68.47609 -27.62
68.46944 -27.79167
68.51082 -27.92028
68.5686 -27.94555
68.56276 -28.01611
68.5522 -28.03722
68.4661 -28.00556
68.44887 -28.01195
68.42943 -28.26028
68.44693 -28.49611
68.39137 -28.63805
68.37192 -28.84167
68.3186 -28.84778
68.35582 -28.93222
68.39583 -29.1475
68.39055 -29.18722
68.37859 -29.20916
68.3461 -29.175
68.32471 -29.1025
68.28055 -29.12028
68.25943 -29.1925
68.28888 -29.21889
68.31638 -29.28333
68.30554 -29.33389
68.25055 -29.34583
68.19887 -29.37806
68.24193 -29.61222
68.30914 -29.77306
68.33333 -29.79139
68.37221 -29.78111
68.41361 -29.86222
68.37499 -29.99694
68.24248 -30.19695
68.21776 -30.11056
68.142081 -30.023134
68.140609 -30.021437
68.13527 -30.01528
68.11832 -30.01306
68.11165 -30.03028
68.09248 -30.35222
68.140167 -30.40656
68.14221 -30.40889
68.144704 -30.408215
68.20471 -30.39195
68.21971 -30.40222
68.26082 -30.70972
68.24248 -30.815
68.17859 -30.485
68.1622 -30.46417
68.145034 -30.456636
68.140112 -30.454477
68.06581 -30.42194
68.05971 -30.43389
68.07471 -30.89389
68.03943 -31.02195
68.1247 -31.44806
68.13805 -31.43805
68.139005 -31.41863
68.138926 -31.487236
68.13666 -31.50111
68.11581 -31.495
68.09721 -31.4225
68.08249 -31.4225
68.06694 -31.57167
68.09833 -31.70445
68.138691 -31.691445
68.153411 -31.686696
68.17833 -31.67865
68.209715 -31.743544
68.227161 -31.646597
68.22443 -31.55417
68.22998 -31.52889
68.23943 -31.53584
68.242069 -31.563689
68.26666 -31.82333
68.26193 -32.00723
68.31694 -32.07389
68.33859 -32.07723
68.42748 -32.21584
68.41885 -32.2608
68.44359 -32.32528
68.5061 -32.33112
68.56972 -32.36501
68.61415 -32.40889
68.61998 -32.485
68.61081 -32.50528
68.58611 -32.50195
68.54109 -32.42472
68.51054 -32.41972
68.4922 -32.50611
68.50499 -32.56555
68.44803 -32.52528
68.37943 -32.43111
68.325 -32.19028
68.24498 -32.13751
68.19609 -32.13333
68.22249 -32.23194
68.22638 -32.39167
68.19942 -32.40028
68.20416 -32.32417
68.16859 -32.19277
68.153046 -32.057954
68.138289 -32.041348
68.09526 -31.99917
68.04942 -31.99667
68.04721 -32.03528
67.93166 -32.11112
67.85776 -32.12277
67.84499 -32.19527
67.88416 -32.35417
67.873296 -32.475172
67.837218 -32.533853
67.81638 -32.5475
67.792722 -32.606102
67.298041 -33.400199
67.295738 -33.277682
67.29498 -33.2664
67.29526 -33.25223
67.204575 -33.358358
67.20499 -33.35584
67.20555 -33.34306
67.20471 -33.34222
67.20139 -33.34111
67.19609 -33.34583
67.19498 -33.34778
67.17082 -33.37611
67.15582 -33.39667
67.14916 -33.41194
67.14221 -33.43111
67.13416 -33.46333
67.141644 -33.471568
67.140698 -33.539268
67.11249 -33.55194
67.103814 -33.592021
67.017049 -33.715797
66.98749 -33.73277
66.987803 -33.757419
66.859258 -33.93977
66.87415 -33.90389
66.87248 -33.88445
66.82166 -33.83695
66.80109 -33.84084
66.79387 -33.86195
66.709672 -34.086872
66.57582 -34.26722
66.57222 -34.28333
66.63193 -34.27
66.634824 -34.286172
66.612961 -34.344275
66.59471 -34.36916
66.6008 -34.376572
66.570757 -34.45629
66.54082 -34.40694
66.40749 -34.61889
66.37221 -34.64
66.33832 -34.71999
66.28415 -34.98417
66.326871 -35.099886
66.298072 -35.175471
66.2686 -35.05389
66.24609 -35.04389
66.23776 -35.20389
66.257795 -35.281036
66.184413 -35.472937
66.20915 -35.42167
66.23581 -35.38417
66.24081 -35.385
66.24414 -35.40944
66.24387 -35.42139
66.22998 -35.525
66.22554 -35.53751
66.22054 -35.54167
66.19136 -35.55944
66.18637 -35.55639
66.174017 -35.51792
66.173432 -35.598249
66.13721 -35.57056
66.11026 -35.5875
66.11775 -35.72305
66.015 -35.89639
65.92831 -36.08306
65.93739 -36.22167
65.95667 -36.26834
65.90721 -36.33195
65.92026 -36.38417
65.99637 -36.39389
66.03082 -36.39111
66.07999 -36.34306
66.07666 -36.56667
66.06442 -36.57528
66.05498 -36.56167
66.04637 -36.47556
65.98471 -36.52111
65.92915 -36.75501
65.87637 -36.85584
65.83749 -36.98028
65.84387 -37.04167
65.93692 -37.09222
66.04221 -37.03333
66.05803 -37.03973
66.0622 -37.0775
66.0036 -37.17028
65.85304 -37.08833
65.815822 -37.107562
65.8111 -37.11
65.802704 -37.126633
65.788322 -37.155112
65.805509 -37.31763
65.802704 -37.126633
65.788322 -37.155112
65.76915 -37.19305
65.805539 -37.319651
65.80583 -37.320665
65.813951 -37.348942
65.83028 -37.40583
65.92915 -37.65556
65.93803 -37.69194
65.9111 -37.75861
66.03055 -37.81139
66.06833 -37.74667
66.07416 -37.65972
66.1386 -37.55833
66.159187 -37.552856
66.16887 -37.55028
66.28442 -37.32639
66.3136 -37.16834
66.34166 -37.18472
66.31833 -37.34639
66.31821 -37.57587
66.3672 -37.79056
66.38693 -38.10611
66.36581 -38.14139
66.33472 -38.13889
66.29414 -37.77722
66.25972 -37.69167
66.20943 -37.79
66.21693 -37.81445
66.24165 -37.80917
66.24054 -37.995
66.19386 -37.8514
66.15833 -37.88083
66.156769 -37.884478
66.10027 -38.0164
66.01747 -37.991426
65.914825 -38.069859
65.91582 -38.0775
65.95915 -38.07417
65.96887 -38.17639
65.9536 -38.19666
65.93109 -38.14611
65.90637 -38.15389
65.90332 -38.28362
65.93304 -38.35111
65.95915 -38.34167
66.01389 -38.40444
66.01027 -38.48361
65.91249 -38.45306
65.83415 -38.27583
65.82832 -38.17528
65.817642 -38.143829
65.80304 -38.10084
65.68442 -38.17917
65.62943 -38.24194
65.62192 -38.42695
65.66081 -38.46083
65.67831 -38.43444
65.70776 -38.52972
65.70444 -38.54306
65.6375 -38.54584
65.63193 -38.56111
65.66499 -38.70889
65.6922 -38.7475
65.67748 -38.78528
65.65888 -38.77917
65.63109 -38.71472
65.62915 -38.63083
65.58138 -38.59944
65.580866 -38.599878
65.580672 -38.687447
65.61182 -38.85154
65.580239 -38.882215
65.579813 -39.073987
65.66165 -39.14028
65.71555 -39.32445
65.59221 -39.195
65.57947 -39.228369
65.578868 -39.499394
65.6111 -39.54334
65.63666 -39.5389
65.68027 -39.66389
65.58777 -39.82861
65.578165 -39.816017
65.577692 -40.028923
65.57887 -40.03056
65.577673 -40.037324
65.56722 -40.09639
65.521456 -40.182971
65.511388 -40.201997
65.459185 -40.107845
65.461299 -39.308316
65.453347 -39.290121
65.46138 -39.27778
65.45305 -39.28944
65.453347 -39.290121
65.461299 -39.308316
65.459185 -40.107845
65.313984 -39.863908
65.24275 -39.75556
65.21054 -39.91834
65.1673 -39.93624
65.13081 -40.11889
65.04027 -40.19194
65.01639 -40.25639
65.03249 -40.42389
65.128295 -40.584826
65.120089 -40.616572
65.05859 -40.70084
65.06751 -40.819726
65.01931 -41.005609
65.015488 -40.523375
65.01471 -40.5175
65.01389 -40.50695
65.01527 -40.49583
64.525206 -40.230424
64.43109 -40.18
64.435545 -40.509897
64.40776 -40.38861
64.39499 -40.36362
64.34833 -40.35889
64.33666 -40.42445
64.38443 -40.78806
64.36054 -40.87778
64.32582 -40.93111
64.3022 -41.09167
64.32921 -41.25311
64.28702 -41.547202
64.278669 -41.555857
64.262441 -41.563204
64.17221 -41.38222
64.13638 -41.05722
64.16193 -40.88612
64.16026 -40.77445
64.10915 -40.56778
64.05721 -40.54472
63.94554 -40.83861
63.93943 -40.67445
63.92277 -40.61972
63.72083 -40.51389
63.69721 -40.51806
63.68055 -40.60362
63.69582 -40.95639
63.77721 -41.35056
63.83333 -41.41834
63.83499 -41.48528
63.79222 -41.61778
63.77444 -41.62833
63.7486 -41.57139
63.76527 -41.51584
63.76305 -41.43889
63.71666 -41.29695
63.65638 -40.89223
63.59358 -40.84341
63.58194 -40.7525
63.52083 -40.74528
63.50111 -40.75806
63.50055 -40.86528
63.52916 -40.99973
63.50777 -41.04806
63.4575 -40.99667
63.4396 -41.03867
63.5136 -41.17067
63.48394 -41.15637
63.43194 -41.08283
63.42711 -41.01833
63.40749 -40.99889
63.38527 -41.11334
63.38777 -41.17639
63.45699 -41.24106
63.55222 -41.39417
63.54944 -41.41444
63.42083 -41.24889
63.40138 -41.24167
63.46583 -41.42834
63.48527 -41.4475
63.48777 -41.58083
63.35222 -41.17571
63.30721 -41.11334
63.4036 -41.38528
63.43694 -41.55695
63.52499 -41.68722
63.52166 -41.74667
63.46471 -41.9075
63.45 -41.90916
63.39944 -41.85944
63.34055 -41.67722
63.23109 -41.491558
63.21999 -41.47277
63.16962 -41.48742
63.156579 -41.469843
63.12638 -41.42917
63.09138 -41.55889
63.14055 -41.61806
63.155704 -41.661282
63.155218 -41.767481
63.11166 -41.64639
63.051002 -41.554523
63.05083 -41.554261
63.04361 -41.54334
63.02833 -41.54389
63.04194 -41.68556
63.02972 -41.73028
63.051626 -41.868006
63.051633 -41.870687
63.06722 -41.96611
63.105 -42.02861
63.15054 -42.05028
63.153905 -42.054785
63.17666 -42.08527
63.20305 -42.12888
63.20444 -42.17194
63.153485 -42.146566
63.09166 -42.11584
63.052615 -42.040606
63.03138 -41.99973
63.01805 -41.7664
62.9875 -41.61528
62.93472 -41.61861
62.876714 -41.702028
62.83943 -41.75556
62.81777 -41.85056
62.821949 -41.86048
62.77499 -41.99611
62.73541 -41.94549
62.73943 -41.86362
62.72083 -41.90861
62.72083 -41.95139
62.75083 -42.02778
62.750471 -42.031063
62.73166 -42.20306
62.72443 -42.19222
62.72138 -42.1475
62.72593 -42.06602
62.72777 -42.03306
62.70916 -42.02028
62.68888 -42.04334
62.68277 -42.06611
62.685006 -42.124246
62.571008 -42.393565
62.56583 -42.37417
62.50278 -42.32333
62.4786 -42.32667
62.46693 -42.38
62.47221 -42.55311
62.42777 -42.3975
62.43221 -42.25472
62.38388 -42.16222
62.35889 -42.24389
62.36277 -42.31806
62.42333 -42.55055
62.49833 -42.71694
62.513319 -42.948946
62.51527 -42.97916
62.46693 -42.97055
62.467983 -42.961345
62.4736 -42.91222
62.43804 -42.78167
62.37888 -42.6475
62.35555 -42.63612
62.33555 -42.38306
62.3086 -42.32111
62.24249 -42.26112
62.19666 -42.25834
62.10222 -42.3075
62.01111 -42.41834
61.9436 -42.54084
61.94499 -42.48083
62.01749 -42.33056
62.02055 -42.15611
62.00666 -42.11584
61.91638 -42.20417
61.91527 -42.42056
61.88833 -42.33444
61.88472 -42.22833
61.86194 -42.18972
61.76138 -42.32556
61.752618 -42.403677
61.749281 -42.433424
61.73277 -42.58056
61.74818 -42.614552
61.747622 -42.706388
61.70555 -42.62417
61.6911 -42.41945
61.65638 -42.3975
61.64444 -42.31945
61.62721 -42.32084
61.55721 -42.43472
61.549044 -42.589107
61.54666 -42.63417
61.59361 -43.07917
61.53583 -42.87389
61.530551 -42.578223
61.443528 -42.527093
61.439967 -42.520538
61.43111 -42.45472
61.4036 -42.42722
61.35527 -42.50751
61.28444 -42.66194
61.29833 -42.75556
61.3223 -42.826383
61.34222 -42.88528
61.33916 -43.24611
61.299726 -42.884927
61.295 -42.84167
61.26916 -42.77639
61.25889 -42.88834
61.24972 -42.90361
61.24522 -42.87289
61.26805 -42.70944
61.25555 -42.66139
61.21361 -42.58722
61.19193 -42.58112
61.18888 -42.8225
61.20833 -43.0875
61.19749 -43.08972
61.14333 -42.70111
61.09833 -42.63
61.10222 -42.90417
61.12833 -43.17056
61.132011 -43.318569
61.13805 -43.56139
61.12777 -43.61278
61.09749 -43.35333
61.098063 -43.327447
61.10194 -43.15222
61.05777 -42.70472
61.02249 -42.66472
60.99361 -42.65694
60.9836 -42.67194
60.91944 -42.80028
60.88388 -43.00861
60.932971 -43.370488
60.94499 -43.45917
60.93333 -43.48444
60.90777 -43.48028
60.903305 -43.378198
60.89833 -43.26445
60.82027 -42.79
60.8011 -42.79084
60.79055 -42.91722
60.83749 -43.38028
60.837461 -43.395286
60.83721 -43.52667
60.824127 -43.398743
60.77916 -42.95944
60.745 -42.78722
60.71971 -42.77055
60.65249 -42.91055
60.6696 -43.1055
60.65494 -43.08233
60.63611 -42.89233
60.6825 -42.81333
60.6836 -42.74944
60.60666 -42.82584
60.59005 -42.94061
60.57055 -42.83389
60.49888 -43.06861
60.55416 -43.31167
60.54444 -43.31751
60.52277 -43.2889
60.48277 -43.145
60.46444 -43.20861
60.522514 -43.476539
60.53944 -43.55472
60.64111 -43.65861
60.69804 -43.66806
60.7161 -43.69389
60.70972 -43.70972
60.68221 -43.7075
60.57166 -43.62444
60.54887 -43.6295
60.58749 -44.0475
60.60249 -44.11167
60.63277 -44.13194
60.6375 -44.16083
60.63555 -44.1925
60.59332 -44.2025
60.57555 -44.15444
60.49138 -43.49361
60.489317 -43.485057
60.4511 -43.32667
60.43694 -43.31278
60.42972 -43.32528
60.348669 -43.521051
60.32388 -43.58083
60.30527 -43.59695
60.330377 -43.52572
60.38666 -43.36584
60.39749 -43.16861
60.30888 -43.10556
60.25722 -43.09277
60.23805 -43.12389
60.25222 -43.22888
60.21527 -43.3275
60.20555 -43.12972
60.10027 -43.08722
60.07944 -43.13751
60.05527 -43.13111
60.02166 -43.13834
60.005 -43.15556
59.98805 -43.19805
59.98856 -43.204227
59.96832 -43.20417
59.9436 -43.22417
59.93804 -43.23028
59.93443 -43.23889
59.917188 -43.37094
59.91415 -43.37111
59.90999 -43.36389
59.90888 -43.35362
59.92083 -43.29501
59.84749 -43.64806
59.79028 -43.90222
59.80444 -43.93083
59.81166 -44.00695
59.80083 -44.08167
59.81249 -44.11028
59.82916 -44.11556
59.86999 -44.10778
59.882568 -44.092372
59.885264 -44.089068
59.939467 -44.022595
59.97054 -43.98444
59.977719 -43.963779
60.012491 -43.910256
60.045 -43.93444
60.10278 -44.11666
60.108434 -44.119052
60.14083 -44.13277
60.1561 -44.12167
60.17416 -44.08861
60.1836 -44.11389
60.26028 -44.07306
60.3075 -43.99389
60.38416 -44.10084
60.28639 -44.08056
60.23499 -44.22361
60.15027 -44.30889
60.14833 -44.45667
60.119532 -44.473036
60.03333 -44.52194
59.98249 -44.60417
60.03194 -44.96944
60.09277 -44.99555
60.10666 -45.035
60.10249 -45.11167
60.08999 -45.11639
60.07472 -45.0925
60.06332 -45.11278
60.07417 -45.15278
60.08999 -45.17111
60.095058 -45.164245
60.139312 -45.10425
60.15943 -45.07695
60.18999 -44.82445
60.425 -44.59944
60.47694 -44.49917
60.51944 -44.4675
60.55721 -44.47083
60.265 -44.86306
60.21666 -44.88473
60.19166 -44.95861
60.19527 -45.08527
60.140808 -45.151989
60.13472 -45.15944
60.12916 -45.19
60.13194 -45.20278
60.142353 -45.201312
60.15166 -45.2
60.16583 -45.17084
60.17249 -45.20834
60.22276 -45.16917
60.34415 -44.9475
60.4161 -44.895
60.65943 -44.76889
60.70139 -44.69555
60.71305 -44.64056
60.73583 -44.62944
60.72083 -44.70639
60.6711 -44.81361
60.60527 -44.83972
60.47638 -45.01251
60.43527 -45.20333
60.4575 -45.27861
60.49527 -45.26611
60.54916 -45.22194
60.64583 -45.09917
60.62138 -45.17278
60.60027 -45.20972
60.57888 -45.215
60.5511 -45.27611
60.48999 -45.49194
60.60527 -45.37389
60.64777 -45.26945
60.7 -45.31333
60.61694 -45.46362
60.46915 -45.57472
60.58721 -45.73277
60.61805 -45.68095
60.63703 -45.68138
60.60722 -45.77578
60.5575 -45.82695
60.563573 -45.883069
60.57388 -45.97833
60.592144 -45.92244
60.67366 -45.67261
60.6661 -45.75111
60.69749 -45.84972
60.76833 -45.58917
60.79222 -45.59222
60.8886 -45.39306
60.90193 -45.25306
60.97999 -45.32973
61.0075 -45.39722
60.9961 -45.41611
60.97471 -45.40278
60.88555 -45.48138
60.77471 -45.68639
60.74471 -45.81555
60.75222 -45.88055
60.77499 -45.89056
60.82666 -45.75445
60.84943 -45.83333
60.82666 -45.94072
60.76888 -46.00279
60.73583 -46.01139
60.71999 -46.04389
60.72499 -46.15583
60.75361 -46.22138
60.77416 -46.21111
60.84078 -45.99767
60.85744 -45.97617
60.85277 -46.028
60.80638 -46.135
60.81055 -46.19472
60.89111 -46.00445
60.9286 -45.88194
60.93499 -45.71333
60.9811 -45.51584
60.99722 -45.47361
61.04222 -45.44167
61.10722 -45.25223
61.18694 -45.20055
61.20332 -45.2125
61.19054 -45.245
61.10388 -45.33666
61.09027 -45.37389
61.23333 -45.50056
61.22249 -45.51528
61.17583 -45.52111
61.10278 -45.48277
61.01555 -45.61639
60.95388 -45.79611
60.95277 -45.81611
60.97054 -45.82778
60.91221 -46.00667
60.91583 -46.05389
60.96416 -46.10389
60.9736 -46.09805
61.14222 -45.65361
61.16888 -45.69888
61.21666 -45.86889
61.27361 -45.81889
61.31889 -45.71472
61.3336 -45.76972
61.33167 -45.81028
61.22305 -46.00973
61.16499 -45.84
61.13249 -45.83805
61.09027 -45.915
60.97471 -46.22944
60.9836 -46.25306
61.04555 -46.26334
61.08416 -46.40611
61.04111 -46.38028
60.99916 -46.44222
61.01527 -46.52333
60.930599 -46.56848
60.909047 -46.615112
60.93028 -46.83527
60.88138 -46.70528
60.864082 -46.712299
60.85333 -46.71666
60.818596 -46.804122
60.800934 -46.848559
60.79749 -46.85722
60.80249 -46.91028
60.856779 -46.953401
60.86333 -46.95861
60.90777 -46.94444
60.93333 -46.91444
60.965721 -46.996687
60.969845 -47.046999
60.93943 -47.16333
60.95222 -47.31806
60.92183 -47.47422
60.91366 -47.49255
60.90933 -47.46523
60.89861 -47.49416
60.90582 -47.76473
60.87916 -47.80944
60.86721 -47.80472
60.88333 -47.36278
60.86777 -47.31945
60.85916 -47.32556
60.82027 -47.44778
60.8086 -47.65389
60.84499 -48.01195
60.81999 -48.07417
60.81972 -48.23889
60.83777 -48.235
60.86305 -48.17722
60.97276 -47.73
61.005 -47.68944
61.01305 -47.89639
60.96444 -48.13222
60.99471 -48.25501
60.97804 -48.31834
60.98833 -48.40639
61.01361 -48.30917
61.038702 -47.887992
61.04194 -47.83361
61.12332 -47.88889
61.09527 -47.9825
61.08694 -48.09084
61.18499 -48.21889
61.295 -48.08139
61.32417 -47.91722
61.326315 -47.938904
61.33167 -47.99306
61.323866 -48.055422
61.31554 -48.12194
61.24194 -48.24416
61.18335 -48.26778
61.13638 -48.21639
61.13221 -48.41028
61.13889 -48.43333
61.15804 -48.43805
61.18077 -48.33573
61.20794 -48.32172
61.17333 -48.48028
61.20805 -48.63805
61.23805 -48.63722
61.285 -48.57778
61.28138 -48.48722
61.29972 -48.38361
61.316997 -48.382265
61.36388 -48.37861
61.39639 -48.74583
61.35583 -48.98861
61.39805 -49.06611
61.46194 -48.83167
61.513571 -48.388362
61.53138 -48.23528
61.605 -48.34416
61.556273 -48.491237
61.54305 -48.53111
61.46555 -48.94888
61.48888 -49.09834
61.5575 -49.2975
61.60278 -49.24583
61.60278 -49.09055
61.57861 -48.92472
61.6086 -48.68195
61.620543 -48.646336
61.63634 -48.59921
61.64972 -48.66444
61.62471 -48.7425
61.62365 -48.754046
61.632405 -49.057625
61.68411 -49.06947
61.708993 -49.05496
61.72279 -49.04691
61.722538 -49.053045
61.867643 -49.032472
61.94471 -48.89417
61.95555 -48.74695
61.98472 -48.76306
61.98027 -48.91945
61.95416 -49.00084
61.869491 -49.139155
61.83916 -49.18861
61.74554 -49.18278
61.71277 -49.23138
61.76555 -49.35417
61.871057 -49.229573
61.871687 -49.265984
61.8661 -49.29
61.82444 -49.31751
61.8061 -49.35806
61.81249 -49.4125
61.84222 -49.44028
61.874354 -49.419964
61.94666 -49.37417
61.97249 -49.26833
61.96693 -49.15417
62.04555 -48.99861
62.04666 -48.90055
62.07694 -48.84055
62.07888 -49.09611
62.11971 -49.08583
62.20416 -49.00584
62.21388 -49.02944
62.17222 -49.09834
62.1075 -49.14861
62.0375 -49.14584
62.01888 -49.16222
61.9836 -49.40472
61.988962 -49.523585
61.99554 -49.66945
62.01028 -49.69722
62.11583 -49.69333
62.119203 -49.618622
62.12027 -49.595
62.08999 -49.42084
62.13416 -49.29362
62.17222 -49.29389
62.19294 -49.36517
62.14471 -49.47166
62.15083 -49.63834
62.183129 -49.610673
62.22471 -49.57501
62.23488 -49.43911
62.24689 -49.39478
62.25583 -49.40222
62.26361 -49.71222
62.2375 -49.83722
62.31944 -49.90833
62.33305 -50.02583
62.42138 -50.21167
62.49527 -50.31778
62.66972 -50.22361
62.77361 -50.06555
62.82722 -49.9475
62.87027 -49.94611
62.70194 -50.27528
62.74305 -50.31722
62.93082 -50.15083
62.99638 -49.83361
63.053494 -49.710065
63.055614 -49.806404
62.98999 -49.97361
62.93366 -50.1915
62.83138 -50.32111
62.78472 -50.35056
62.78444 -50.38
62.85139 -50.39999
62.93221 -50.32333
63.01527 -50.14999
63.03861 -50.22888
63.0211 -50.2589
62.97443 -50.28194
62.94083 -50.40389
62.96999 -50.59389
63.03972 -50.61278
63.073268 -50.608864
63.07388 -50.63667
63.02527 -50.67028
63.03111 -50.68722
63.04639 -50.72361
63.06194 -50.75501
63.0675 -50.75167
63.0725 -50.74361
63.07639 -50.73389
63.081409 -50.720969
63.081109 -50.630621
63.08749 -50.62528
63.09222 -50.62805
63.10305 -50.66194
63.11472 -50.61806
63.126859 -50.542735
63.13249 -50.50778
63.15332 -50.46861
63.2061 -50.55805
63.20166 -50.61222
63.210801 -50.691576
63.1969 -50.79428
63.1375 -50.905
63.14666 -50.92667
63.17166 -50.92611
63.25028 -50.78
63.22833 -50.86222
63.15777 -50.98417
63.16055 -51.00834
63.18416 -51.05944
63.33943 -51.10778
63.35471 -51.01112
63.355709 -50.949537
63.37207 -50.978744
63.36916 -51.05417
63.37804 -51.15833
63.43943 -51.22138
63.47413 -51.161315
63.47694 -51.27361
63.48999 -51.21584
63.49388 -51.20583
63.49916 -51.20472
63.50388 -51.20805
63.50805 -51.21306
63.51222 -51.22055
63.52805 -51.31139
63.52749 -51.32223
63.525646 -51.327457
63.654912 -51.470816
63.66554 -51.50333
63.70916 -51.55944
63.725086 -51.548913
64.12776 -52.00084
64.12665 -52.03944
64.13054 -52.04695
64.13527 -52.05028
64.15888 -52.0625
64.16388 -52.06361
64.16805 -52.05528
64.17137 -52.04584
64.18915 -51.98889
64.18915 -51.96417
64.18887 -51.90583
64.1797 -51.90278
64.17554 -51.90583
64.15971 -51.93056
64.13248 -51.98083
64.12831 -51.98944
64.127983 -51.985445
64.133148 -51.628893
64.16249 -51.57167
64.16527 -51.47583
64.13889 -51.38
64.15193 -51.39278
64.19637 -51.52306
64.14082 -51.685
64.18193 -51.76139
64.20305 -51.74639
64.21887 -51.44361
64.17304 -51.26112
64.21805 -50.95084
64.25 -50.84972
64.258278 -50.861931
64.258046 -50.936869
64.25499 -50.96195
64.257933 -50.973405
64.25777 -51.14139
64.257412 -51.142208
64.21471 -51.23972
64.21944 -51.28944
64.221688 -51.294898
64.23888 -51.33666
64.24832 -51.34306
64.256803 -51.339485
64.25888 -51.33861
64.283712 -51.276096
64.3736 -51.32362
64.37637 -51.37222
64.3936 -51.41695
64.400931 -51.4186
64.41332 -51.42139
64.49304 -51.33639
64.55609 -51.22666
64.6136 -51.14333
64.62804 -51.21916
64.71582 -51.15527
64.75472 -51.09722
64.75472 -51.02389
64.77971 -51.03751
64.78581 -51.06445
64.76221 -51.22417
64.73055 -51.29528
64.61054 -51.41861
64.582545 -51.425887
64.51749 -51.44277
64.437986 -51.547527
64.39554 -51.60333
64.37053 -51.66639
64.34804 -51.67611
64.30609 -51.665
64.21748 -51.83556
64.2036 -52.00695
64.23499 -52.03333
64.26694 -52.00501
64.39916 -52.03917
64.38026 -52.08527
64.38721 -52.10556
64.45305 -52.11666
64.55193 -52.1025
64.587286 -52.068763
64.591129 -52.065094
64.59908 -52.0575
64.64249 -52.12167
64.69304 -52.13722
64.72026 -52.12028
64.78194 -51.9375
64.82555 -51.86
64.86304 -51.64555
64.85609 -51.53944
64.95139 -51.41361
65.01749 -51.24695
65.03333 -51.27472
64.99054 -51.42445
64.91527 -51.56528
64.88582 -51.68083
64.88638 -51.70389
64.96416 -51.65028
64.96944 -51.585
64.98888 -51.56194
65.01582 -51.63612
65.01833 -51.70278
64.92777 -51.82362
64.87442 -51.87167
64.8461 -51.86528
64.83472 -51.8775
64.79971 -51.97888
64.79387 -52.10194
64.82222 -52.06917
64.83693 -51.98722
64.87637 -51.94222
64.90498 -52.02861
64.85193 -52.0575
64.80331 -52.17556
64.80664 -52.21139
64.82971 -52.22472
64.90888 -52.22028
64.9622 -52.01584
64.97916 -52.01139
65.01776 -52.08556
64.99942 -52.16306
65.08415 -52.28528
65.108312 -52.256425
65.111786 -52.252275
65.23915 -52.09972
65.24832 -52.13055
65.20166 -52.23083
65.20194 -52.31333
65.28055 -52.18639
65.31638 -52.18778
65.33083 -52.20834
65.29221 -52.33195
65.19942 -52.4575
65.18526 -52.51917
65.19331 -52.53278
65.32748 -52.55889
65.3961 -52.38889
65.426993 -52.273997
65.429765 -52.263678
65.52083 -51.92417
65.546484 -51.879228
65.551371 -51.870662
65.56442 -51.84778
65.58221 -51.72083
65.60832 -51.77306
65.600803 -51.865797
65.637979 -51.862131
65.69859 -51.69444
65.75972 -51.24389
65.75555 -50.94695
65.67693 -50.71666
65.68414 -50.56306
65.69414 -50.54195
65.70694 -50.54584
65.71887 -50.69444
65.75472 -50.7225
65.7961 -51.20917
65.76305 -51.48473
65.679144 -51.858067
65.65888 -51.94805
65.63721 -51.955
65.56081 -51.91639
65.551242 -51.928351
65.54637 -51.93444
65.429183 -52.34955
65.42677 -52.358079
65.38721 -52.49778
65.42628 -52.542965
65.42786 -52.544793
65.48749 -52.61389
65.54332 -52.5925
65.54799 -52.583623
65.549793 -52.580197
65.57721 -52.52805
65.64082 -52.46916
65.63966 -52.50455
65.549696 -52.623564
65.54808 -52.625698
65.50082 -52.68805
65.5 -52.72417
65.53888 -52.80194
65.548457 -52.801894
65.549299 -52.80189
65.59471 -52.80167
65.6586 -52.60722
65.63554 -52.76972
65.71915 -52.68639
65.78888 -52.67584
65.80554 -52.68889
65.80109 -52.71139
65.715 -52.75111
65.67165 -52.81056
65.68665 -52.87917
65.66415 -53.07445
65.68304 -53.23666
65.72083 -53.16083
65.74443 -53.00167
65.79498 -52.85889
65.80304 -52.875
65.80554 -52.90916
65.7422 -53.11584
65.72832 -53.21889
65.74693 -53.26833
65.79248 -53.08195
65.80582 -53.06945
65.81499 -53.08778
65.85748 -53.03
65.93553 -52.69861
65.88472 -52.50861
65.86887 -52.32
65.94859 -52.19583
66.00444 -51.97472
66.00221 -51.91306
65.970471 -51.829115
66.017714 -51.824389
66.020831 -52.038374
65.99609 -52.18417
65.89916 -52.31751
65.9061 -52.52528
65.94887 -52.59722
65.97998 -52.61806
65.85582 -53.15167
65.86943 -53.23
65.90888 -53.24306
65.92304 -53.23333
66.01166 -52.88861
66.02527 -52.87972
66.01915 -52.96972
65.94026 -53.22888
65.92998 -53.35389
65.95721 -53.46083
65.97943 -53.46555
66.00526 -53.37944
65.99498 -53.30222
66.01615 -53.12689
66.02499 -53.17306
66.00833 -53.30805
66.02443 -53.29
66.03333 -53.31111
66.01888 -53.41555
66.03415 -53.46222
66.0431 -53.440563
66.04131 -53.444896
66.0431 -53.440563
66.08943 -53.32834
66.23442 -52.79945
66.33916 -52.63194
66.43248 -52.37389
66.48166 -52.06751
66.50804 -52.02111
66.5286 -52.02695
66.6297 -51.90055
66.70055 -51.60944
66.84387 -51.27139
66.859096 -51.207998
66.87915 -51.12444
66.858444 -51.034464
66.83611 -50.9375
66.825 -50.81083
66.828808 -50.46462
66.83028 -50.33083
66.85612 -50.415591
66.85721 -50.41917
66.86748 -50.66222
66.8572 -50.703134
66.895477 -50.991157
66.914427 -50.985707
66.93471 -50.95639
67.00499 -50.68333
66.98309 -50.44164
66.99526 -50.37639
66.96999 -50.165
66.96832 -50.02583
66.98082 -49.99778
66.99443 -50.08028
66.98637 -50.21139
67.01027 -50.31695
66.99443 -50.48333
67.01332 -50.62805
67.03943 -50.54723
67.0622 -50.29056
67.07193 -50.33472
66.98581 -50.91666
66.966938 -50.970582
66.9247 -51.09111
66.91776 -51.18944
66.89154 -51.269938
66.859695 -51.36759
66.83415 -51.44583
66.71443 -51.72694
66.65471 -51.98612
66.51305 -52.13
66.4372 -52.46
66.35248 -52.71056
66.26361 -52.84444
66.19664 -52.99667
66.12303 -53.28695
66.09888 -53.47666
66.11554 -53.57472
66.14388 -53.62083
66.21249 -53.57611
66.23888 -53.49084
66.28581 -53.11833
66.24332 -53.61972
66.33194 -53.69805
66.50444 -53.63333
66.5286 -53.51334
66.5361 -53.35889
66.5161 -53.20972
66.50943 -53.33666
66.49165 -53.17028
66.54999 -52.92167
66.52361 -52.72472
66.5186 -52.48306
66.51999 -52.445
66.54637 -52.41639
66.5761 -52.94972
66.5486 -53.0825
66.54721 -53.22417
66.60082 -53.47472
66.6375 -53.45194
66.69637 -53.26417
66.67249 -52.97277
66.70387 -52.58278
66.73137 -52.58361
66.73831 -52.59778
66.7417 -52.81801
66.71887 -52.95967
66.74275 -53.20306
66.76838 -52.8655
66.7882 -52.85017
66.79938 -52.874
66.79255 -53.011
66.75961 -53.11573
66.80498 -53.05583
66.8186 -53.08167
66.85304 -52.98277
66.86304 -52.55944
66.81053 -52.33611
66.81915 -52.25445
66.83998 -52.22888
66.83804 -52.34277
66.863686 -52.43051
66.87303 -52.4625
66.874736 -52.459231
66.8797 -52.44972
66.9061 -52.46584
66.91249 -52.49834
66.88777 -52.77055
66.89249 -52.84778
66.90739 -52.87146
66.92499 -53.20306
66.90942 -53.64945
66.96443 -53.81667
66.97331 -53.82695
66.99248 -53.8125
66.97916 -53.30472
66.99609 -53.22083
67.01221 -53.42028
67.01138 -53.78083
67.02222 -53.81361
67.06303 -53.83639
67.06888 -53.54278
67.11192 -53.39223
67.08276 -53.65389
67.07471 -53.96555
67.14082 -53.92333
67.17886 -53.81667
67.20221 -53.38
67.21304 -53.58167
67.23499 -53.51445
67.24664 -53.09194
67.36998 -52.15139
67.33333 -52.03139
67.33804 -51.68778
67.32304 -51.52472
67.29276 -51.4525
67.16026 -51.30556
67.1236 -51.18944
67.12581 -51.07501
67.158677 -50.915074
67.181433 -50.908457
67.13944 -51.17333
67.16971 -51.25084
67.35109 -51.52583
67.40305 -51.15417
67.41998 -51.11611
67.42331 -51.15167
67.35803 -51.61222
67.35416 -51.9175
67.38944 -52.22639
67.27916 -53.10278
67.29137 -53.22305
67.30554 -53.2225
67.32054 -53.25223
67.20277 -53.79834
67.22388 -53.85362
67.26389 -53.88111
67.35416 -53.86112
67.40555 -53.82111
67.45055 -53.71806
67.50888 -53.46611
67.62221 -53.14417
67.66554 -52.9425
67.67831 -52.91361
67.68387 -52.92639
67.664043 -53.022978
67.665293 -53.090497
67.667063 -53.186128
67.58888 -53.32389
67.50694 -53.59972
67.50082 -53.68306
67.53665 -53.72944
67.60109 -53.75362
67.65526 -53.55805
67.673863 -53.553623
67.67581 -53.65889
67.70248 -53.59055
67.71416 -53.58112
67.7336 -53.58778
67.740167 -53.599216
67.761982 -53.578951
67.7872 -53.63973
67.8147 -53.62778
67.852227 -53.494918
67.870278 -53.47807
67.87415 -53.48333
67.88666 -53.46472
67.886979 -53.462471
68.01 -53.34722
68.01561 -53.220581
68.04332 -53.18722
68.06276 -53.08167
68.02731 -52.956387
68.029673 -52.902998
68.0936 -53.07639
68.13805 -53.13445
68.13026 -53.27972
68.15221 -53.45417
68.18442 -53.32111
68.19914 -53.14806
68.11054 -52.72694
68.06276 -52.41444
68.0725 -52.39056
68.12665 -52.58389
68.16554 -52.79667
68.18193 -52.79472
68.19582 -52.74695
68.18915 -52.57973
68.067867 -52.039506
68.070207 -51.986554
68.0622 -51.96056
68.05998 -51.89167
68.08749 -51.59139
68.08249 -51.43972
68.10082 -51.29334
68.116239 -51.228132
68.12164 -51.20528
68.1411 -51.31611
68.15054 -51.43278
68.115604 -51.780783
68.11527 -52.07084
68.13998 -51.86083
68.18137 -51.74806
68.20082 -51.54667
68.23221 -51.46417
68.24832 -51.45306
68.25777 -51.45417
68.2625 -51.46584
68.25694 -51.58167
68.18749 -52.11916
68.17748 -52.28944
68.17465 -52.294751
68.189823 -52.352058
68.18054 -52.41917
68.19136 -52.49778
68.21166 -52.46889
68.224031 -52.481398
68.253311 -52.59226
68.27049 -52.69634
68.26499 -52.73
68.25533 -52.64933
68.23554 -52.62917
68.21249 -52.70583
68.22527 -52.89722
68.25583 -52.93833
68.2806 -52.91863
68.30143 -52.81363
68.29459 -52.78197
68.299687 -52.768141
68.313317 -52.819901
68.28221 -53.08917
68.29248 -53.23556
68.26776 -53.34972
68.32777 -53.38917
68.35138 -53.24167
68.32304 -53.07973
68.352969 -52.970657
68.35776 -52.98889
68.36415 -52.95639
68.40109 -52.87722
68.42638 -52.85167
68.42924 -52.854395
68.48471 -52.74973
68.52998 -52.64167
68.577637 -52.124536
68.575 -52.04945
68.59444 -51.94194
68.63944 -51.03528
68.64665 -51.02611
68.65694 -51.03584
68.740625 -50.946434
68.77638 -50.76722
68.82111 -50.65472
68.82971 -50.6675
68.83832 -50.78194
68.788912 -50.915496
68.74832 -51.025
68.73504 -51.11447
68.73441 -51.133429
68.74832 -51.2925
68.84082 -51.21472
68.87192 -51.08167
68.93193 -50.96333
68.91081 -51.05944
68.92693 -51.11445
69.04498 -51.11889
69.13109 -51.06973
69.12692 -50.79945
69.08666 -50.80167
69.07027 -50.90583
69.03415 -50.98889
69.02443 -50.90472
69.04221 -50.89333
69.065395 -50.737045
69.232794 -50.627903
69.22054 -50.65694
69.17304 -50.88612
69.17665 -51.01278
69.20139 -51.12277
69.23276 -51.09444
69.26776 -51.00723
69.29942 -50.97083
69.46111 -50.85584
69.48248 -50.72138
69.48804 -50.5164
69.503593 -50.449553
69.527297 -50.433833
69.52832 -50.47749
69.49081 -50.58972
69.49609 -50.69416
69.47832 -50.86445
69.49136 -50.88306
69.51833 -50.87028
69.5547 -50.79112
69.58333 -50.79501
69.62082 -50.84611
69.64221 -50.80055
69.63361 -50.64362
69.59248 -50.40722
69.64305 -50.44639
69.66582 -50.57362
69.66748 -50.77445
69.67638 -50.81361
69.69525 -50.82528
69.70943 -50.81139
69.74054 -50.65167
69.78333 -50.59722
69.762907 -50.27664
69.808921 -50.245736
69.81053 -50.50528
69.81526 -50.49445
69.84915 -50.41861
69.85637 -50.41222
69.85776 -50.41361
69.8611 -50.40972
69.86581 -50.41889
69.86581 -50.56056
69.86581 -50.58083
69.86554 -50.58695
69.86304 -50.6025
69.85637 -50.60639
69.83916 -50.58778
69.8336 -50.58083
69.819573 -50.551172
69.840288 -50.656379
69.83666 -50.65389
69.79942 -50.70278
69.76138 -50.79667
69.75749 -50.85306
69.77083 -50.87583
69.72443 -50.96528
69.63026 -50.98695
69.5636 -50.94695
69.55054 -50.95834
69.50444 -51.12194
69.52943 -51.24139
69.68526 -51.33444
69.70526 -51.38805
69.77936 -51.25484
69.87997 -51.00695
69.86554 -51.11778
69.83333 -51.1975
69.84776 -51.35084
69.897358 -51.252312
69.91748 -52.69305
69.87109 -52.49167
69.7986 -51.99695
69.77721 -51.94333
69.73193 -51.90389
69.68749 -51.96
69.6736 -52.02667
69.63361 -51.88111
69.63998 -51.85611
69.65387 -51.90472
69.64665 -51.86472
69.62608 -51.83333
69.52443 -52.01028
69.44832 -52.25417
69.3586 -52.75306
69.31667 -53.13528
69.22943 -53.57472
69.26332 -53.8525
69.31192 -53.90167
69.33554 -54.15361
69.38889 -54.26445
69.41443 -54.26473
69.4511 -54.22138
69.43776 -53.91306
69.41748 -53.79556
69.4397 -53.67472
69.4397 -53.38639
69.45833 -53.56361
69.47415 -53.57667
69.56053 -53.48583
69.57971 -53.3475
69.58443 -53.44222
69.56554 -53.55861
69.54942 -53.59695
69.51639 -53.59639
69.49054 -53.62861
69.4511 -53.79195
69.4661 -53.85861
69.50888 -53.73722
69.52277 -53.74944
69.48499 -53.94944
69.49165 -53.99194
69.51082 -53.98834
69.56749 -53.86556
69.60555 -53.95139
69.59694 -53.99028
69.56081 -53.98473
69.54582 -54.07139
69.57054 -54.65889
69.6111 -54.81973
69.6947 -54.99445
69.7272 -54.96722
69.74887 -54.89611
69.75139 -54.67695
69.71332 -54.5975
69.67082 -54.42472
69.67526 -54.38944
69.77499 -54.63445
69.80415 -54.88473
69.84554 -54.93611
69.93665 -54.86389
69.96443 -54.75389
69.91304 -54.22944
69.94247 -54.30028
69.98692 -54.60917
70.03778 -54.77697
70.07832 -54.82973
70.17581 -54.84333
70.24054 -54.76112
70.30971 -54.42917
70.311499 -54.395057
70.37248 -54.66139
70.427703 -54.046908
70.46666 -54.16444
70.48749 -54.1975
70.50972 -54.20111
70.58527 -54.35333
70.65721 -54.55389
70.65193 -54.62639
70.73109 -54.54417
70.81554 -54.22861
70.82971 -54.06333
70.79471 -53.7025
70.75526 -53.46999
70.77332 -53.10333
70.74471 -52.72222
70.70027 -52.45861
70.598297 -52.138088
70.650446 -51.551354
70.64833 -51.54028
70.64722 -51.52389
70.65387 -51.51278
70.656463 -50.74196
70.68109 -50.85084
70.65555 -51.08611
70.69026 -51.17584
70.69414 -51.4025
70.72221 -51.43972
70.75166 -51.43417
70.75777 -51.28973
70.7711 -51.27139
70.80693 -51.26833
70.81165 -51.23861
70.76082 -50.95472
70.71166 -50.78278
70.71157 -50.774354
70.792308 -50.821974
70.80248 -50.89889
70.8311 -50.9225
70.860859 -50.862559
70.861292 -50.94177
70.84694 -51.02139
70.84694 -51.14639
70.862589 -51.179184
70.865384 -51.185045
70.88443 -51.225
70.92581 -51.595
70.96111 -51.66695
71.0211 -51.9525
71.27916 -52.33944
71.29193 -52.32834
71.35054 -52.40222
71.3461 -52.57139
71.377787 -52.62738
71.37831 -52.67
71.41527 -52.98361
71.44165 -52.9425
71.483511 -52.814862
71.580753 -52.988217
71.61971 -52.83361
71.66026 -52.75611
71.6536 -52.88917
71.66193 -53.13361
71.701665 -53.744737
71.70027 -53.73861
71.6586 -53.72194
71.63333 -53.775
71.63832 -53.91945
71.66277 -53.9725
71.70583 -54.01112
71.70749 -54.10028
71.63361 -54.09917
71.55304 -53.85194
71.52943 -53.84695
71.48749 -53.8675
71.44193 -53.91555
71.36388 -54.39611
71.35277 -54.82556
71.42831 -55.12083
71.47971 -55.20611
71.49054 -55.25834
71.48332 -55.2675
71.44637 -55.2225
71.41609 -55.14695
71.38666 -55.11666
71.38693 -55.32362
71.42053 -55.44333
71.47887 -55.55528
71.62442 -55.68139
71.62747 -55.59084
71.64276 -55.57445
71.67859 -55.90583
71.74109 -55.77528
71.77026 -55.55861
71.80277 -55.44361
71.810871 -55.430939
71.81915 -55.55917
71.82416 -55.52639
71.89027 -55.41
71.90054 -55.42194
71.92804 -55.52084
71.93027 -55.56639
71.917717 -55.651692
72.07054 -55.79611
72.081329 -55.745166
72.15971 -55.37417
72.19498 -55.28028
72.25028 -55.205
72.29443 -55.02972
72.36331 -55.00945
72.3772 -55.01528
72.3822 -55.03194
72.3797 -55.09889
72.350105 -55.213918
72.369267 -55.197697
72.35887 -55.23194
72.37248 -55.28584
72.42415 -55.30528
72.38971 -55.50723
72.4211 -55.62583
72.43915 -55.64889
72.45749 -55.62639
72.52193 -55.46999
72.49637 -55.28028
72.488523 -55.09636
72.52527 -55.065
72.52916 -55.05639
72.57805 -55.0325
72.58472 -55.0275
72.58888 -55.03056
72.58971 -55.0325
72.58998 -55.04167
72.58916 -55.07667
72.58333 -55.18472
72.59776 -55.26222
72.66859 -55.21666
72.67387 -55.20972
72.67748 -55.19666
72.681692 -55.162083
72.68665 -55.12138
72.69081 -55.0825
72.6897 -55.03445
72.68581 -55.00111
72.682569 -54.982393
72.683109 -54.871863
72.683427 -54.806484
72.761259 -54.759107
72.75888 -54.82528
72.77777 -54.92695
72.80776 -54.82362
72.804819 -54.7325
72.886966 -54.682146
72.888713 -54.684447
72.963742 -54.783433
73.011266 -54.846352
73.014555 -54.858747
73.01721 -55.04778
73.04166 -55.10194
73.03693 -55.33056
73.06609 -55.43527
73.0522 -55.65333
73.06667 -55.69778
73.09276 -55.70944
73.12109 -55.65167
73.12165 -55.477
73.154051 -55.386647
73.318537 -55.370473
73.419292 -55.226923
73.419355 -55.493875
73.42777 -55.47277
73.44331 -55.48583
73.4622 -55.53417
73.50382 -55.71183
73.52832 -55.87583
73.53832 -55.90611
73.57027 -55.94305
73.5761 -56.05055
73.70499 -56.22028
73.71082 -56.21056
73.71832 -56.20556
73.74887 -56.21472
73.76471 -56.26556
73.76082 -56.30139
73.7661 -56.36861
73.815827 -56.070255
73.80776 -55.98389
73.81805 -55.95778
73.83472 -55.95667
73.834759 -55.928447
73.85304 -55.94722
73.852303 -55.935415
73.935407 -55.968525
73.96111 -56.09917
74.00665 -56.1225
74.0125 -56.11278
74.006963 -55.997167
74.031427 -56.006989
74.04443 -56.34944
74.06609 -56.40972
74.10887 -56.28667
74.19386 -56.16528
74.26971 -56.11972
74.27832 -56.12917
74.27443 -56.19167
74.22276 -56.29667
74.15582 -56.60778
74.10304 -57.16583
74.10165 -57.32167
74.12943 -57.30611
74.14305 -57.26445
74.16361 -57.05417
74.19664 -56.905
74.20055 -56.69389
74.22554 -56.58444
74.24081 -56.59944
74.25444 -56.55944
74.2872 -56.30917
74.30165 -56.30139
74.30859 -56.38805
74.28638 -56.56889
74.34415 -56.7125
74.36638 -56.15278
74.370104 -56.144479
74.400814 -56.157089
74.40471 -56.16194
74.41527 -56.28111
74.40248 -56.58778
74.44748 -56.79584
74.44832 -56.52583
74.48055 -56.24944
74.529558 -56.21022
74.575458 -56.532816
74.58305 -56.56945
74.59638 -56.60111
74.605377 -56.607365
74.706197 -56.859615
74.706196 -56.862708
74.7011 -56.93
74.67053 -56.97666
74.67137 -57.01501
74.706163 -57.076196
74.708147 -57.07969
75.00419 -57.680702
75.01361 -57.83972
75.04971 -57.90694
75.06303 -58.03695
75.04553 -58.13722
75.06026 -58.15472
75.08083 -58.14695
75.140384 -57.9611
75.197922 -58.080316
75.21361 -58.23417
75.26527 -58.33472
75.31499 -58.34972
75.319755 -58.334247
75.377884 -58.456132
75.33888 -58.52306
75.34638 -58.69778
75.38638 -58.62361
75.402033 -58.506907
75.860711 -59.487239
75.85971 -59.51083
75.84248 -59.58112
75.80998 -59.61445
75.79637 -59.78473
75.82277 -59.81416
75.8622 -59.75778
75.89638 -59.67639
75.90582 -59.59306
75.934688 -59.64826
76.133174 -60.830753
76.163737 -61.855653
76.16415 -61.85584
76.18665 -61.88167
76.19553 -61.9075
76.19275 -61.92472
76.18387 -61.95055
76.17859 -61.96222
76.17082 -61.965
76.166993 -61.965
76.217322 -63.657991
76.17581 -63.725
76.15694 -63.7889
76.13472 -64.01222
76.14804 -64.12027
76.19081 -64.18999
76.233749 -64.211877
76.239803 -64.416174
76.22887 -64.4411
76.23943 -64.56416
76.244453 -64.57316
76.247767 -64.685065
76.16859 -64.69777
76.12692 -64.60388
76.11971 -64.69415
76.17249 -64.845
76.17665 -65.00111
76.17165 -65.02306
76.13582 -65.03278
76.11943 -65.17806
76.13527 -65.23889
76.16527 -65.2
76.18221 -65.21251
76.17221 -65.35083
76.12943 -65.36362
76.07138 -65.29555
76.02638 -65.41333
76.0186 -65.47972
76.02998 -65.63055
76.09833 -65.88834
76.13472 -65.76083
76.18858 -65.69167
76.20471 -65.77084
76.23387 -65.55333
76.26193 -65.66167
76.28027 -66.19415
76.15776 -66.36472
76.0986 -66.36945
76.08167 -66.4614
76.0936 -66.52528
76.24136 -66.81889
76.26277 -67.03195
76.19136 -67.28084
76.16277 -67.30444
76.13693 -67.05333
76.05054 -66.94249
76.00833 -66.7114
75.95027 -66.50528
75.90971 -66.45862
76.00888 -67.34973
76.08693 -68.50057
76.11887 -68.56973
76.14861 -68.43944
76.16081 -68.80888
76.18248 -68.74695
76.21388 -68.91278
76.26305 -69.02722
76.2986 -69.32556
76.36971 -69.62999
76.39323 -69.623286
76.39456 -69.622906
76.42221 -69.61501
76.459756 -69.268273
76.531039 -68.878599
76.532073 -68.874854
76.548309 -68.816437
76.56915 -68.80139
76.58415 -68.73444
76.582586 -68.692885
76.667749 -68.384562
76.66748 -68.38667
76.65721 -68.78555
76.67526 -69.2114
76.76361 -70.00806
76.79942 -70.10194
76.81999 -70.08722
76.87053 -69.90472
76.96111 -69.75
76.99193 -69.55306
77.00305 -69.54723
77.0125 -69.6725
77.01 -69.75723
76.98305 -69.77834
76.79804 -70.35916
76.78499 -70.48138
76.80554 -70.69777
76.83888 -70.84139
76.89415 -70.98528
76.9372 -70.68306
76.92554 -70.80417
76.96082 -71.04916
76.94498 -71.16112
77.00555 -71.37332
77.06192 -71.36694
77.13333 -71.19388
77.14526 -70.84973
77.16081 -70.81361
77.17165 -70.91139
77.18359 -70.92583
77.18831 -70.91028
77.24054 -70.14917
77.21639 -69.35861
77.16609 -68.54056
77.16721 -68.23361
77.20194 -67.85777
77.12303 -66.93582
77.128696 -66.681439
77.155141 -66.581919
77.14804 -66.65111
77.14554 -66.90695
77.21111 -67.70029
77.22138 -67.985
77.20139 -68.15973
77.22026 -68.6675
77.25028 -69.02722
77.27193 -69.10167
77.277975 -69.05181
77.36775 -68.30861
77.38638 -67.62
77.35248 -66.76889
77.504443 -66.073853
77.56805 -66.16306
77.590424 -66.222963
77.592548 -66.228653
77.61304 -66.28362
77.63944 -66.52722
77.68082 -66.72583
77.67581 -67.03972
77.66887 -67.12083
77.60498 -67.18472
77.57304 -67.24527
77.52805 -67.52667
77.50833 -67.78861
77.49942 -68.37054
77.5036 -68.39195
77.5372 -68.36749
77.5686 -68.38306
77.6561 -68.62749
77.66304 -68.73778
77.65138 -68.81555
77.5936 -68.66556
77.55054 -68.59778
77.53333 -68.59222
77.51721 -68.60944
77.474847 -69.032937
77.45305 -69.25029
77.471144 -69.387374
77.54248 -69.92972
77.53665 -70.0864
77.5636 -70.28999
77.60332 -70.09999
77.68471 -69.50111
77.7536 -69.48361
77.70055 -69.705
77.68692 -70.0114
77.66554 -70.12749
77.65582 -70.30916
77.67804 -70.60278
77.71361 -70.61444
77.81303 -70.24388
77.8225 -70.0139
77.83804 -69.97806
77.85776 -70.3725
77.83859 -70.52084
77.77998 -70.67027
77.76361 -71.32001
77.79776 -71.43805
77.85498 -71.22749
77.86443 -71.2114
77.87859 -71.22888
77.85277 -71.59889
77.91361 -71.59
77.91914 -71.62778
77.88611 -71.93944
77.92665 -72.08223
77.94693 -72.23555
78.00943 -72.35556
78.05054 -72.29334
78.05832 -72.50501
78.14554 -72.86972
78.15721 -73.0536
78.1747 -72.99834
78.16805 -72.84584
78.1897 -72.73277
78.22138 -72.81583
78.24304 -72.79472
78.28388 -72.67416
78.28638 -72.45667
78.31415 -72.84944
78.35637 -72.80861
78.4061 -72.59111
78.41943 -72.58556
78.49637 -72.63474
78.5211 -72.55222
78.55693 -71.90418
78.63361 -71.55444
78.64221 -71.26195
78.6111 -70.87193
78.67276 -70.80306
78.7 -70.70029
78.7536 -69.97084
78.765 -69.9575
78.77943 -70.01363
78.79471 -69.92833
78.80776 -69.41777
78.82944 -69.28555
78.88275 -69.13751
78.8372 -68.92362
78.82916 -68.79056
78.87831 -68.88417
78.91805 -69.16666
78.95055 -69.13362
78.97304 -69.04695
79.06303 -68.34056
79.07304 -68.04111
79.03915 -67.72223
79.05109 -67.66666
79.06303 -67.74167
79.08388 -67.73084
79.13273 -67.5
79.11443 -67.24722
79.13275 -67.21584
79.12831 -66.97694
79.10887 -66.81555
79.1436 -66.60417
79.14166 -66.36639
79.10555 -66.23972
79.104966 -66.200299
80.074335 -66.180001
80.10693 -66.40723
80.07083 -66.5864
80.05748 -67.04973
80.06609 -67.08168
80.075 -67.07417
80.1436 -67.12888
80.15665 -67.16777
80.16527 -67.36528
80.19693 -67.495
80.32555 -67.48084
80.3486 -67.41972
80.45721 -66.78861
80.49248 -66.72278
80.50665 -66.72583
80.53249 -66.7925
80.55498 -66.71584
80.56526 -66.44472
80.603711 -66.168071
80.6086 -66.59528
80.620887 -66.094173
80.62442 -66.08084
80.64777 -66.0825
80.65888 -66.06166
80.66998 -65.98639
80.66332 -65.50639
80.68749 -65.68443
80.70583 -65.71278
80.79027 -65.07472
80.83693 -64.98694
80.885 -65.0325
80.91277 -64.73416
80.93276 -64.70944
80.9561 -64.79472
80.97859 -64.80139
80.9836 -64.78528
80.99609 -64.54889
81.02361 -64.42944
81.05081 -63.94888
81.10971 -63.82889
81.14388 -63.68056
81.14499 -63.57417
81.11581 -63.47194
81.06972 -63.42472
81.04582 -63.42556
80.95055 -63.30666
80.79582 -62.9475
80.7511 -62.79445
80.77777 -62.73695
80.86054 -62.97138
80.97943 -63.23666
81.06581 -63.33167
81.14916 -63.37055
81.17665 -63.29472
81.21639 -63.06333
81.2272 -62.83639
81.20277 -62.73583
81.20194 -62.27139
81.06805 -61.55055
81.06999 -61.50195
81.09526 -61.52722
81.10332 -61.49555
81.11971 -61.05666
81.16554 -60.89195
81.21805 -61.08222
81.35582 -61.31333
81.45972 -60.8225
81.47804 -60.77861
81.50055 -60.77084
81.5647 -61.03139
81.68276 -61.35778
81.73665 -61.45333
81.75305 -61.45223
81.77887 -61.40278
81.80998 -61.26666
81.87997 -60.80666
81.9447 -60.0625
81.89665 -59.60417
81.8647 -58.89945
81.83305 -58.77667
81.78499 -58.7425
81.71944 -58.75806
81.67554 -58.6425
81.59027 -57.91834
81.58611 -57.64472
81.55887 -57.53722
81.53693 -57.53944
81.53194 -57.52306
81.46915 -57.17695
81.45471 -57.28167
81.42638 -57.205
81.38666 -56.73695
81.33804 -56.58861
81.33249 -56.47833
81.34248 -56.44944
81.39972 -56.62389
81.43749 -57.06555
81.49942 -57.18805
81.52165 -57.17111
81.52666 -57.18666
81.64221 -57.72888
81.6772 -58.12722
81.75082 -58.33666
81.84082 -58.45611
81.86665 -58.46889
81.87665 -58.49889
81.93749 -58.93556
81.97665 -59.41
81.99693 -59.46694
82.12221 -58.30278
82.18692 -57.07695
82.22777 -56.58639
82.22527 -56.44167
82.15888 -56.28667
82.18831 -56.18028
82.25305 -56.11222
82.26805 -55.9025
82.2397 -55.55389
82.24414 -55.27111
82.23248 -55.225
82.22859 -55.32472
82.2186 -55.33805
82.19832 -55.31973
82.15665 -55.11334
82.17415 -55.08805
82.1861 -55.09805
82.24915 -55.19055
82.27527 -55.27028
82.28221 -55.60111
82.36554 -54.50528
82.31694 -54.07945
82.11609 -53.55972
81.9447 -53.5
81.89388 -53.50834
81.80721 -53.58195
81.75722 -53.7375
81.69359 -53.82362
81.55748 -53.80278
81.51332 -53.63445
81.50166 -53.47305
81.51721 -53.51861
81.64999 -53.5475
81.67609 -53.54056
81.75305 -53.29528
81.78027 -53.12666
81.85637 -52.93861
81.90027 -52.92917
81.96361 -52.95278
82.01193 -53.02805
82.03415 -52.89917
82.03194 -52.76251
81.92387 -51.91028
81.88611 -51.32306
81.80887 -50.81861
81.78305 -50.76112
81.74748 -50.55695
81.72971 -50.32501
81.69414 -50.225
81.6411 -50.19833
81.60971 -49.86501
81.64333 -49.62
81.66249 -49.88028
81.67777 -49.90194
81.69832 -49.89139
81.70416 -49.90222
81.72971 -50.01083
81.77693 -50.49223
81.82416 -50.63695
81.84888 -50.6275
81.86859 -50.89472
81.93221 -51.06555
81.94637 -51.05639
81.95027 -50.96222
81.91554 -50.68278
81.90416 -50.19527
81.87026 -49.82056
81.89554 -49.57056
81.92777 -49.43222
81.95499 -49.53445
82.03832 -50.11445
82.07639 -50.21445
82.113879 -50.379909
82.18858 -50.71195
82.200733 -50.724396
82.24915 -50.77417
82.30165 -50.79195
82.36276 -50.84444
82.43304 -51.05306
82.49414 -51.11889
82.51833 -50.31751
82.51166 -49.75195
82.46999 -49.19167
82.4236 -48.89389
82.3611 -48.76362
82.340301 -48.645608
82.3353 -48.61728
82.28333 -47.94222
82.21915 -47.58611
82.21193 -47.56306
82.19775 -47.56278
82.178068 -47.491676
82.17221 -47.47055
82.15888 -47.12417
82.12109 -46.79945
82.09776 -46.39278
82.01915 -45.97639
81.96915 -45.94888
81.94664 -46.03944
81.92886 -45.74695
81.89638 -45.54056
81.78166 -45.13445
81.77638 -44.8225
81.75417 -44.64
81.83415 -44.18333
81.88443 -44.38612
81.88889 -44.58861
81.93221 -44.72277
81.9397 -44.49834
81.96776 -44.47277
81.9897 -44.92528
82.0397 -44.93056
82.05386 -44.66889
82.08971 -44.5025
82.11081 -44.51722
82.158427 -44.697945
82.18359 -44.79389
82.25278 -44.70861
82.27666 -44.61806
82.30248 -44.42667
82.31137 -44.12888
82.25555 -43.42556
82.24498 -42.73889
82.21388 -42.62528
82.21666 -42.29917
82.27416 -42.75056
82.28027 -43.30194
82.33582 -43.83028
82.35054 -43.87083
82.37804 -43.88028
82.40665 -43.73028
82.50249 -44.44722
82.55776 -44.59722
82.61415 -45.01112
82.646916 -45.09182
82.65248 -45.10556
82.721841 -45.645101
82.72499 -45.66972
82.75943 -45.76083
82.77222 -45.74834
82.78082 -45.22222
82.7625 -44.21584
82.7811 -43.63667
82.78166 -42.68861
82.75786 -42.08953
82.74971 -42.05055
82.70721 -42.16778
82.680925 -42.005168
82.655716 -41.849758
82.65526 -41.84695
82.60803 -41.80417
82.53998 -41.8514
82.48888 -41.74695
82.47804 -41.68278
82.48499 -41.58611
82.52777 -41.55695
82.64166 -41.60889
82.656245 -41.654945
82.677744 -41.722999
82.73276 -41.89806
82.74721 -41.78834
82.73665 -41.55028
82.70055 -41.24223
82.670466 -41.077965
82.657994 -41.010062
82.60664 -40.73167
82.57527 -40.64278
82.56026 -40.20333
82.46388 -40.05944
82.44414 -40.08972
82.42165 -40.07834
82.36859 -39.93083
82.36165 -39.8525
82.37137 -39.77389
82.40416 -39.75389
82.55998 -40.01195
82.58777 -39.9675
82.61137 -39.8725
82.62943 -39.86861
82.67165 -39.905
82.71443 -40.13528
82.7122 -40.6014
82.74081 -40.72333
82.78832 -41.19389
82.85165 -42.19111
82.83749 -43.80028
82.84583 -44.49361
82.85582 -44.73778
82.872057 -44.801555
82.89916 -44.90833
82.90694 -45.06167
82.870256 -44.876506
82.86775 -44.86389
82.84999 -44.96278
82.847066 -45.839943
82.84638 -46.04556
82.88611 -46.53695
82.96111 -46.89
82.96332 -46.46555
82.91776 -46.11389
82.9147 -45.98333
82.97527 -46.22666
83.00055 -46.70084
83.05415 -46.46694
83.06442 -46.07611
83.08388 -46.08472
83.08611 -45.95667
83.03305 -45.64778
82.97832 -45.12083
82.96639 -45.08028
82.93359 -45.11306
82.9297 -45.08222
82.96443 -44.75501
82.91193 -43.98944
82.91443 -43.38667
82.92026 -43.36611
82.92609 -43.42584
82.9211 -43.98389
83.00055 -44.86972
83.03415 -45.13194
83.10304 -45.48222
83.12831 -45.52139
83.15416 -45.38805
83.1411 -45.39639
83.13136 -45.37844
83.12581 -45.28
83.15248 -45.0775
83.10443 -44.70556
83.10776 -44.67917
83.13889 -44.70834
83.15027 -44.75084
83.16361 -44.71056
83.16304 -44.26473
83.11499 -43.68778
83.13443 -43.58195
83.13554 -43.26195
83.09276 -42.87277
83.09943 -42.85472
83.12526 -42.99778
83.15888 -43.29334
83.16499 -43.57723
83.20105 -43.98309
83.215 -43.57945
83.20277 -42.93056
83.20888 -42.88861
83.23166 -43.085
83.23305 -43.32389
83.26221 -43.24306
83.27443 -42.695
83.23193 -42.44527
83.22859 -42.0775
83.18526 -41.73222
83.17165 -41.70556
83.16249 -41.72194
83.12776 -41.86112
83.08749 -41.93195
83.12915 -41.72444
83.13361 -41.62639
83.10443 -41.31695
83.07582 -41.22389
82.972648 -40.585085
82.96748 -40.55333
82.95776 -39.44695
82.88054 -39.03445
82.85165 -38.99973
82.81581 -38.90556
82.7861 -38.68666
82.77777 -38.65556
82.74915 -38.64472
82.74414 -38.57445
82.75526 -38.54889
82.8225 -38.53584
82.82832 -38.73444
82.85887 -38.78584
82.89722 -38.78306
82.91249 -38.80917
82.97165 -39.13722
82.98027 -39.15028
82.99332 -39.11833
83.01111 -38.91416
83.01332 -38.08889
83.02916 -37.71528
83.00526 -37.27028
83.04553 -37.76
83.03305 -38.34167
83.03888 -38.67417
83.05887 -38.79389
83.1136 -38.14306
83.1297 -37.20472
83.14999 -36.87833
83.14777 -37.53
83.15193 -37.61362
83.17053 -37.62639
83.20194 -37.99223
83.20526 -38.67806
83.25028 -38.85722
83.293255 -38.840036
83.34027 -38.82111
83.42693 -38.86666
83.43332 -38.84389
83.39249 -38.07584
83.35971 -37.89611
83.35915 -37.79611
83.36914 -37.74
83.3886 -37.7889
83.43137 -38.05861
83.48749 -37.95055
83.50417 -37.62583
83.44971 -37.21
83.43221 -36.84194
83.41998 -36.77445
83.38666 -36.71111
83.385323 -36.696806
83.3611 -36.43805
83.36581 -36.39973
83.37109 -36.41695
83.391475 -36.552547
83.41249 -36.69277
83.42581 -36.57472
83.45082 -36.61112
83.49081 -36.90417
83.53693 -36.67194
83.55415 -36.08222
83.53499 -35.19944
83.60138 -34.72611
83.59387 -34.64999
83.56915 -34.585
83.54694 -34.56889
83.53998 -34.51222
83.54942 -34.46333
83.58305 -34.45445
83.59694 -34.36417
83.58777 -34.31028
83.55443 -34.29834
83.52193 -34.195
83.496096 -34.07847
83.45248 -33.88277
83.48581 -33.74528
83.50504 -33.86514
83.52887 -34.01417
83.56165 -34.08167
83.59248 -33.89973
83.6236 -32.57917
83.60971 -32.21
83.58971 -32.30139
83.57027 -32.30028