55.40055 12.98222
55.53861 12.91806
55.54417 12.91639
55.56222 12.91444
55.56555 12.91472
55.56833 12.91639
55.57472 12.9225
55.58111 12.93111
55.59111 12.96028
55.59916 12.98194
55.62389 13.03472
55.6275 13.04055
55.6325 13.045
55.66277 13.05889
55.68222 13.06333
55.69305 13.05972
55.83805 12.91278
56.06194 12.68139
56.07861 12.66361
56.10305 12.63389
56.10777 12.62389
56.10944 12.615
56.11166 12.60972
56.14166 12.58111
56.29333 12.45305
56.29778 12.45167
56.29833 12.46167
56.29722 12.47389
56.25889 12.62917
56.25333 12.64528
56.22278 12.71868
56.22222 12.78722
56.22305 12.79444
56.22556 12.80194
56.23277 12.81333
56.24166 12.82417
56.25222 12.83167
56.25805 12.83472
56.26416 12.835
56.26917 12.83306
56.35222 12.74083
56.35944 12.73056
56.36305 12.72389
56.37972 12.67611
56.38027 12.66389
56.38472 12.64472
56.38777 12.63667
56.39527 12.62611
56.39999 12.62278
56.41194 12.62222
56.43139 12.62861
56.43694 12.63194
56.44222 12.63556
56.44611 12.64139
56.46361 12.67278
56.46639 12.67972
56.4675 12.72194
56.4675 12.7325
56.46472 12.74917
56.45027 12.78583
56.44778 12.79333
56.44333 12.8125
56.43972 12.83278
56.43992 12.85265
56.44138 12.86861
56.4436 12.87611
56.44639 12.88361
56.45722 12.90111
56.46694 12.91083
56.47833 12.91806
56.50111 12.93028
56.52111 12.9375
56.53249 12.93694
56.54333 12.93333
56.54833 12.93139
56.57861 12.91722
56.63833 12.8875
56.64639 12.87667
56.64889 12.86917
56.65833 12.82167
56.65666 12.81333
56.64361 12.785
56.64 12.75806
56.63972 12.72528
56.64333 12.71861
56.67611 12.67083
56.74694 12.61361
56.77777 12.6
56.78333 12.59833
56.79583 12.59917
56.8025 12.60139
56.80805 12.6
56.81333 12.5975
56.8175 12.59333
56.83028 12.57944
56.83389 12.57389
56.88166 12.48472
56.88777 12.46833
56.89722 12.41806
56.91444 12.35028
56.91917 12.3475
56.96999 12.35
57.03249 12.28611
57.04805 12.25361
57.05972 12.23778
57.18388 12.14944
57.25 12.11
57.27555 12.13472
57.28111 12.14861
57.28722 12.15139
57.30917 12.14583
57.42694 12.095
57.45472 12.05833
57.45777 12.05139
57.45972 12.04389
57.45694 12.03694
57.43417 12.01167
57.42889 12.00778
57.42222 12.00583
57.41139 12.00861
57.405 12.00778
57.3475 11.98944
57.34139 11.98611
57.34361 11.97917
57.37611 11.94278
57.40222 11.91778
57.42194 11.90417
57.42667 11.90139
57.515 11.90667
57.52665 11.91111
57.52861 11.91333
57.53444 11.91583
57.56389 11.92222
57.61361 11.91333
57.61861 11.91056
57.62333 11.90639
57.62444 11.8975
57.61833 11.89444
57.60777 11.8625
57.66139 11.83
57.68055 11.86861
57.69389 11.88778
57.68861 11.74139
57.69333 11.70444
57.69722 11.69889
57.71583 11.69972
57.80722 11.72306
57.84583 11.66806
57.88166 11.68806
57.88528 11.69417
57.88722 11.70222
57.88916 11.71167
57.89222 11.74139
57.89722 11.75722
57.933029 11.769817
57.938752 11.771831
58.0061 11.79556
58.02638 11.80139
58.03806 11.80055
58.04388 11.79917
58.04805 11.79361
58.05314 11.77667
58.05944 11.77667
58.09528 11.79611
58.120544 11.813574
58.120765 11.813727
58.15472 11.83722
58.19111 11.87028
58.2 11.88083
58.20528 11.88472
58.21194 11.88611
58.31833 11.79805
58.32833 11.735
58.32889 11.72333
58.27611 11.62278
58.26277 11.6075
58.25527 11.59472
58.23027 11.53611
58.23055 11.52639
58.23194 11.51583
58.23611 11.49528
58.26111 11.40555
58.31194 11.38417
58.34694 11.23833
58.39944 11.20139
58.50527 11.23555
58.55111 11.25417
58.55694 11.25722
58.57944 11.26639
58.63222 11.26111
58.63777 11.25944
58.65305 11.25222
58.65749 11.24778
58.67972 11.21028
58.70916 11.18083
58.71388 11.17806
58.73083 11.17694
58.74777 11.18167
58.77 11.20083
58.78416 11.21805
58.79222 11.22917
58.79694 11.23389
58.8036 11.23611
58.83305 11.23306
58.84528 11.23139
58.9175 11.19417
58.92444 11.16667
58.93527 11.13194
58.93833 11.12306
58.94138 11.11583
58.95 11.10694
59.00361 11.11333
59.01583 11.11917
59.02638 11.1275
59.06444 11.16639
59.0686 11.1725
59.075 11.18667
59.07944 11.20417
59.09389 11.26555
59.10139 11.315
59.09916 11.325
59.09194 11.33833
59.08444 11.35
59.05083 11.37333
59.01277 11.40167
58.98972 11.41944
58.98579 11.42708
58.98764 11.42919
58.92667 11.42305
58.92027 11.42278
58.90305 11.425
58.89722 11.42611
58.89305 11.42778
58.88861 11.43194
58.88528 11.43917
58.88389 11.45083
58.88361 11.46306
58.88472 11.49667
58.89666 11.58583
58.89919 11.59997
58.90472 11.62139
58.90916 11.62667
59.09027 11.75111
59.09722 11.75305
59.10278 11.75194
59.11278 11.74639
59.11749 11.74222
59.1225 11.73944
59.12722 11.73944
59.17444 11.75083
59.18805 11.75444
59.20083 11.75917
59.21166 11.76472
59.21754 11.76955
59.23917 11.79528
59.24528 11.79833
59.25777 11.79889
59.27528 11.79694
59.30333 11.79083
59.32472 11.78305
59.42972 11.73917
59.59166 11.66778
59.59548 11.66625
59.63555 11.75639
59.63833 11.76417
59.64278 11.78167
59.64694 11.81167
59.64889 11.82056
59.65194 11.82833
59.695 11.89639
59.70111 11.90083
59.70777 11.90278
59.72028 11.90333
59.73833 11.90306
59.77247 11.89885
59.78472 11.89639
59.79472 11.89111
59.79916 11.88667
59.80389 11.88111
59.81166 11.86944
59.8461 11.81596
59.86138 11.85278
59.87 11.87583
59.89694 11.95694
59.89777 11.96805
59.89611 11.98
59.89055 11.99806
59.88861 12.00833
59.88611 12.03417
59.88583 12.10722
59.88694 12.12972
59.88833 12.14
59.89694 12.16306
59.91027 12.19194
59.96889 12.31028
59.97639 12.32361
60.06361 12.46194
60.07639 12.47694
60.09833 12.48917
60.11111 12.49417
60.12472 12.49833
60.14472 12.50278
60.16944 12.5075
60.17555 12.50806
60.18194 12.50833
60.1936 12.50778
60.21055 12.50444
60.33416 12.52778
60.34389 12.53778
60.37805 12.57194
60.39916 12.58972
60.44277 12.60278
60.46249 12.6075
60.46861 12.60806
60.48 12.60583
60.51694 12.59444
60.52667 12.5875
60.63 12.50583
60.71027 12.425
60.75083 12.38611
60.76028 12.37889
60.77944 12.36472
60.79972 12.35361
60.83583 12.33611
60.88722 12.30861
60.94611 12.27194
60.97305 12.24555
60.98083 12.23361
60.99305 12.21722
60.9975 12.21278
61.0025 12.21
61.00694 12.21556
61.01083 12.2225
61.01861 12.24778
61.02944 12.29417
61.05055 12.38805
61.05389 12.40778
61.05444 12.4325
61.05389 12.45806
61.05083 12.50028
61.04805 12.56722
61.04972 12.60222
61.05306 12.62194
61.05754 12.63783
61.08778 12.67028
61.20083 12.77222
61.245 12.79667
61.31222 12.83111
61.3625 12.85611
61.41472 12.77389
61.56611 12.53
61.56722 12.52305
61.56944 12.48139
61.56972 12.46833
61.5686 12.44472
61.56944 12.43028
61.57333 12.40667
61.58055 12.39278
61.607478 12.344072
61.72861 12.12444
61.84444 12.15944
61.87861 12.17
61.9125 12.18167
61.96333 12.20028
62.0061 12.215
62.14249 12.25861
62.25822 12.29462
62.26167 12.29583
62.2725 12.29167
62.30805 12.27139
62.32722 12.25639
62.33798 12.24534
62.39 12.21
62.40472 12.19972
62.42388 12.18444
62.43778 12.17222
62.46027 12.14917
62.52916 12.08472
62.59 12.0475
62.66528 12.04667
62.71583 12.07278
62.74944 12.08944
62.80306 12.06667
62.83888 12.05028
62.89249 12.02889
62.96722 12.11333
62.99944 12.15111
63.01583 12.16861
63.17388 12.03694
63.18245 12.02749
63.27222 11.93639
63.32388 11.99889
63.38833 12.07833
63.43666 12.13722
63.48528 12.195
63.51222 12.17861
63.58416 12.13944
63.59499 12.15389
63.72888 12.34667
63.83333 12.47306
63.87277 12.53083
63.94277 12.63389
63.96722 12.68194
64.00722 12.79444
64.02527 12.84694
64.05333 12.93806
64.06444 12.98833
64.07111 13.03222
64.0836 13.13556
64.09 13.19361
64.09305 13.23
64.08666 13.29139
64.01305 13.98167
64.01805 13.98833
64.17387 14.14667
64.18582 14.15472
64.3336 14.15139
64.34499 14.14972
64.47055 14.11639
64.48805 14.0325
64.50749 13.90083
64.52943 13.82028
64.57111 13.68222
64.57721 13.66333
64.58276 13.6625
64.58972 13.665
64.60777 13.67694
64.62944 13.69694
64.63971 13.7075
64.65227 13.72557
64.73332 13.83278
64.7711 13.87917
64.94916 14.09139
65.04887 14.23528
65.10213 14.29644
65.11523 14.30883
65.12999 14.31944
65.14972 14.32917
65.2086 14.35611
65.24666 14.36889
65.3136 14.49306
65.35889 14.49444
65.37639 14.49361
65.44638 14.49528
65.5161 14.49722
65.58583 14.50056
65.69611 14.53222
65.70277 14.535
65.70888 14.53944
65.73637 14.56528
65.75694 14.58806
65.77333 14.60389
65.79721 14.62139
65.81667 14.63167
65.82694 14.63472
65.93111 14.58028
65.94943 14.56944
66.00749 14.54055
66.02527 14.53472
66.07889 14.51917
66.11472 14.50917
66.13249 14.505
66.14055 14.71778
66.14916 14.98139
66.14999 15.02528
66.28388 15.46805
66.32138 15.44685
66.40694 15.40056
66.46166 15.37139
66.48 15.36278
66.55804 15.52778
66.60582 15.62583
66.685 15.73111
66.89082 16.01
67.01778 16.35389
67.16333 16.40583
67.175698 16.400126
67.17777 16.39917
67.23778 16.36139
67.26082 16.3375
67.316221 16.243857
67.32999 16.22055
67.33749 16.20472
67.35582 16.16166
67.36749 16.13861
67.38777 16.10416
67.40166 16.08972
67.40666 16.08694
67.41165 16.08583
67.5 16.19222
67.50166 16.20611
67.51555 16.3825
67.53 16.40333
67.60916 16.50833
67.65694 16.57027
67.66554 16.57694
67.68222 16.58806
67.83221 16.68472
67.89916 16.72694
68.03027 17.18833
68.07457 17.25258
68.09055 17.27361
68.02971 17.5925
68.01416 17.64889
67.98471 17.74333
67.96416 17.80194
67.95694 17.82
67.9536 17.83111
67.94861 17.85806
67.94554 17.88416
67.99777 17.93972
68.15027 18.13556
68.16611 18.15528
68.194389 18.142635
68.28082 18.10389
68.31776 18.08583
68.35443 18.06944
68.3911 18.05333
68.40944 18.04583
68.43999 18.05805
68.49083 18.08167
68.50777 18.09083
68.51527 18.14944
68.53915 18.35806
68.47527 18.61194
68.481414 18.779024
68.48778 18.95222
68.4419 19.261896
68.41943 19.41333
68.39972 19.54389
68.37277 19.71722
68.34999 19.86055
68.34139 19.89833
68.33666 19.92389
68.33749 19.93778
68.34082 19.94806
68.34471 19.95667
68.34972 19.96417
68.36137 19.97667
68.3811 20.00666
68.39499 20.03028
68.40332 20.04805
68.41472 20.07583
68.44388 20.16722
68.44804 20.17583
68.46277 20.19861
68.47583 20.20861
68.48221 20.21111
68.50166 20.08806
68.54388 19.95639
68.58305 20.06305
68.64694 20.17722
68.66222 20.2025
68.69138 20.23833
68.75472 20.31389
68.78665 20.35028
68.894299 20.323282
68.92833 20.31472
68.965339 20.245036
69.055991 20.523235
69.0603 20.58093
69.05306 20.60416
69.04379 20.65006
69.0311 20.74416
69.02333 20.79166
69.01193 20.84639
69.00499 20.86667
68.9975 20.88444
68.98555 20.90889
68.97305 20.92861
68.96832 20.93278
68.95833 20.93889
68.95277 20.93833
68.94638 20.93111
68.93944 20.91555
68.92583 20.88889
68.91333 20.88305
68.90778 20.88277
68.89804 20.88861
68.8936 20.89528
68.89 20.90416
68.88666 20.91528
68.88138 20.94472
68.87999 20.95944
68.87944 20.99083
68.87749 21.02472
68.87332 21.05889
68.86665 21.08139
68.81972 21.20778
68.8161 21.21666
68.72415 21.42056
68.6911 21.44861
68.68666 21.45277
68.67806 21.46555
68.67139 21.4875
68.66832 21.50083
68.66165 21.55055
68.6586 21.58528
68.6561 21.60111
68.64943 21.62306
68.64249 21.64278
68.62082 21.70166
68.61722 21.71028
68.61249 21.71417
68.60638 21.71111
68.60056 21.71055
68.59111 21.71833
68.5836 21.73555
68.57694 21.7575
68.57443 21.77333
68.57054 21.80917
68.57027 21.82472
68.57361 21.86472
68.5725 21.88139
68.56999 21.89722
68.55527 21.93389
68.54388 21.95944
68.52361 21.99778
68.49805 22.035
68.48778 22.03806
68.48305 22.04194
68.47916 22.05055
68.47611 22.06389
68.46555 22.15083
68.46443 22.1675
68.46361 22.37194
68.45166 22.43055
68.44013 22.5
68.42722 22.58167
68.42249 22.65972
68.42082 22.67389
68.38805 22.82361
68.38388 22.82972
68.3575 22.86361
68.33167 22.89972
68.32832 22.91028
68.32222 22.93639
68.31776 22.96944
68.29388 23.04805
68.29027 23.05861
68.28638 23.06694
68.0836 23.35333
68.06471 23.3675
68.05554 23.37694
68.0425 23.39444
67.99249 23.53167
67.95471 23.64889
67.95082 23.65694
67.94167 23.66611
67.93639 23.66722
67.92999 23.66555
67.9236 23.65972
67.91805 23.65278
67.91306 23.64472
67.89749 23.60778
67.89526 23.59639
67.89 23.54556
67.88361 23.51111
67.87582 23.4925
67.86916 23.48694
67.86305 23.48333
67.82277 23.47111
67.81694 23.47
67.71249 23.49139
67.66554 23.50777
67.55638 23.47194
67.49194 23.43333
67.48583 23.43
67.47583 23.42889
67.46555 23.43111
67.4525 23.44833
67.44472 23.46417
67.4411 23.47444
67.43805 23.48694
67.43639 23.50055
67.4386 23.51194
67.44804 23.5275
67.45194 23.53666
67.45332 23.54916
67.45 23.58194
67.4261 23.735
67.42027 23.76194
67.41611 23.76778
67.41083 23.76889
67.33221 23.78305
67.32639 23.78194
67.31444 23.77333
67.28944 23.74972
67.28471 23.74167
67.28166 23.73167
67.27805 23.70805
67.27554 23.68305
67.2686 23.63583
67.26639 23.62472
67.26332 23.61444
67.25943 23.60555
67.24638 23.59444
67.23499 23.58667
67.16194 23.57055
67.15666 23.57166
67.14749 23.58056
67.04749 23.68111
67.00833 23.73111
67 23.74444
66.99194 23.75777
66.98138 23.78778
66.93111 23.86694
66.88416 23.93583
66.87999 23.94111
66.87082 23.95
66.81027 24.00111
66.80055 24.00777
66.795 24.00639
66.79138 23.99972
66.79027 23.98778
66.78888 23.94806
66.78694 23.93694
66.74916 23.89361
66.74304 23.89
66.73778 23.89111
66.71249 23.90083
66.68027 23.90278
66.58167 23.89194
66.56999 23.8875
66.56389 23.88416
66.55722 23.87861
66.55167 23.87194
66.5486 23.86194
66.54388 23.82694
66.53777 23.80722
66.50082 23.72528
66.46527 23.66639
66.46054 23.65889
66.45471 23.65222
66.44832 23.64666
66.4361 23.64027
66.43054 23.63916
66.31722 23.66083
66.31221 23.66194
66.30222 23.66639
66.26332 23.68472
66.20499 23.71917
66.20027 23.72222
66.19583 23.72778
66.19194 23.73528
66.185 23.75472
66.16971 23.80833
66.16666 23.82027
66.16138 23.84805
66.15916 23.86417
66.15805 23.87944
66.15527 23.89333
66.14833 23.9125
66.14 23.92555
66.13554 23.93083
66.12138 23.94028
66.10138 23.94861
66.0725 23.96778
66.02026 24.03139
65.84 24.16055
65.83055 24.16666
65.81999 24.16861
65.81403 24.16701
65.80554 24.15305
65.80167 24.14444
65.79887 24.12111
65.80028 24.10611
65.80611 24.08083
65.80804 24.05222
65.80666 24.04028
65.7925 23.98611
65.78416 23.95611
65.77889 23.95194
65.77277 23.94861
65.76639 23.94333
65.76082 23.93694
65.75694 23.92833
65.75777 23.91666
65.79277 23.77389
65.79778 23.77278
65.80638 23.65389
65.80083 23.51833
65.76054 23.43472
65.76749 23.39444
65.80083 23.24972
65.76361 23.23444
65.71472 23.14111
65.71166 23.13166
65.69888 23.08111
65.70277 23.07361
65.75278 23.00028
65.81528 22.82889
65.82555 22.82639
65.83055 22.82306
65.85638 22.79028
65.88611 22.72333
65.90222 22.67583
65.90555 22.64472
65.90277 22.63722
65.89777 22.63861
65.88889 22.64972
65.88165 22.66694
65.87778 22.67444
65.8736 22.68
65.86888 22.68333
65.8075 22.70472
65.76389 22.685
65.75916 22.67778
65.75499 22.66944
65.75194 22.66
65.75055 22.64861
65.75665 22.65139
65.76332 22.65639
65.76888 22.65722
65.77832 22.65056
65.79694 22.60861
65.85111 22.47916
65.85611 22.45139
65.85944 22.41861
65.86083 22.37555
65.85916 22.36389
65.85582 22.35778
65.82971 22.32917
65.6911 22.25777
65.63249 22.24905
65.62766 22.27272
65.62615 22.28105
65.62599 22.28939
65.62982 22.30055
65.61804 22.31667
65.62471 22.32139
65.63026 22.32222
65.63472 22.31667
65.63861 22.30917
65.64722 22.29805
65.65999 22.28694
65.66499 22.28361
65.66832 22.28972
65.66583 22.30361
65.65916 22.32306
65.62888 22.38556
65.55888 22.42361
65.5486 22.42639
65.54222 22.42333
65.53749 22.41639
65.53526 22.40583
65.53833 22.39417
65.54582 22.37917
65.55415 22.36611
65.57727 22.24183
65.57877 22.20633
65.60721 22.07972
65.66666 21.86389
65.67 21.85416
65.67387 21.84639
65.67806 21.84083
65.69722 21.82694
65.70139 21.82139
65.72249 21.76694
65.71693 21.76083
65.71166 21.7625
65.6975 21.77305
65.66527 21.82805
65.65778 21.84333
65.65443 21.85305
65.59805 22.0225
65.58916 22.05778
65.58305 22.11611
65.57971 22.12583
65.54527 22.19917
65.54083 22.19416
65.53777 22.185
65.53305 22.16417
65.51744 22.05385
65.51361 22.00028
65.51527 21.9875
65.52666 21.90916
65.53 21.89944
65.53388 21.89167
65.53722 21.88722
65.53665 21.88
65.53221 21.85917
65.53 21.8525
65.52583 21.85806
65.49666 21.90111
65.4886 21.91417
65.48555 21.92583
65.48528 21.93972
65.50694 21.9225
65.51082 21.92528
65.50804 21.93694
65.48972 21.97916
65.46222 22.03028
65.45721 22.03167
65.4286 22.0175
65.42387 22.01056
65.39804 21.92944
65.3911 21.67583
65.39139 21.66222
65.39249 21.6475
65.39555 21.63556
65.39916 21.62805
65.41222 21.61139
65.41554 21.60167
65.41638 21.58694
65.40805 21.54472
65.38666 21.47416
65.38083 21.46833
65.35527 21.49728
65.3446 21.50628
65.32727 21.53428
65.32678 21.54311
65.31471 21.57972
65.31888 21.58778
65.325 21.59028
65.32971 21.58694
65.33221 21.58889
65.32639 21.61222
65.32304 21.62194
65.29138 21.69722
65.28749 21.70472
65.28194 21.70417
65.27026 21.70083
65.26444 21.695
65.2475 21.66389
65.24416 21.65472
65.23471 21.58806
65.23166 21.56528
65.23471 21.55361
65.23888 21.54805
65.24832 21.54111
65.25888 21.53806
65.28671 21.49389
65.31088 21.46889
65.31321 21.46422
65.36972 21.33806
65.37193 21.32444
65.36972 21.31416
65.33749 21.26056
65.33333 21.26611
65.32361 21.32111
65.32166 21.33694
65.30611 21.41722
65.2486 21.50528
65.21944 21.54805
65.21083 21.55917
65.16249 21.61361
65.15305 21.62055
65.14777 21.62194
65.14221 21.62139
65.06278 21.58389
65.05777 21.57722
65.05638 21.56583
65.05875 21.5337
65.0611 21.49416
65.05971 21.48306
65.05722 21.47278
65.05055 21.46833
65.045 21.4675
65.03444 21.47055
65.0311 21.48
65.00722 21.46666
64.97556 21.37333
64.95444 21.30083
64.94943 21.255
64.94777 21.24389
64.89166 21.20528
64.88638 21.20667
64.86249 21.20889
64.82999 21.18305
64.81888 21.13166
64.81805 21.12278
64.82027 21.10917
64.82332 21.0975
64.8275 21.09194
64.83693 21.085
64.84833 21.08611
64.85304 21.0825
64.853309 21.08174
64.85638 21.07306
64.85582 21.06056
64.84776 21.045
64.84193 21.03944
64.83583 21.03694
64.82443 21.03611
64.81972 21.03944
64.81528 21.045
64.796488 21.071427
64.78861 21.0825
64.78471 21.09
64.7811 21.0975
64.77777 21.10694
64.77583 21.12561
64.77515 21.13428
64.77554 21.15944
64.78278 21.215
64.78194 21.22944
64.7775 21.25833
64.76888 21.29277
64.76555 21.30222
64.76138 21.30778
64.75082 21.31083
64.66194 21.305
64.66388 21.28972
64.66666 21.27833
64.67 21.26861
64.68527 21.23889
64.72276 21.16194
64.72444 21.14372
64.72543 21.13622
64.7246 21.12172
64.72276 21.105
64.71693 21.10444
64.6911 21.11194
64.68138 21.11889
64.67387 21.13389
64.61527 21.27139
64.59082 21.35694
64.59721 21.36139
64.60304 21.36694
64.60527 21.37333
64.57555 21.46528
64.53249 21.55417
64.43971 21.585
64.3611 21.45805
64.33527 21.39055
64.31 21.32222
64.30693 21.31333
64.29833 21.28611
64.29582 21.27611
64.295 21.26722
64.2986 21.25972
64.30388 21.25833
64.30861 21.255
64.31027 21.24278
64.30611 21.235
64.14861 20.97166
64.13944 20.9575
64.13416 20.95417
64.130748 20.952187
64.04944 20.905
64.00249 20.89555
63.88638 20.79389
63.86916 20.77778
63.865 20.77028
63.84805 20.72861
63.81333 20.63833
63.79916 20.535
63.82027 20.50805
63.82278 20.49972
63.81916 20.49416
63.75833 20.44778
63.69778 20.41777
63.69111 20.41361
63.67416 20.38694
63.67249 20.37917
63.67555 20.37
63.66 20.31667
63.64639 20.29861
63.66583 20.26389
63.65583 20.1
63.63583 20.01194
63.60916 19.89944
63.60638 19.89306
63.53333 19.77528
63.51666 19.74917
63.51055 19.74722
63.50527 19.74889
63.50111 19.75417
63.49722 19.76167
63.48778 19.76889
63.46249 19.77916
63.45754 19.77264
63.43194 19.705
63.42972 19.68305
63.43139 19.66805
63.4425 19.64111
63.44666 19.63583
63.45916 19.64
63.46444 19.64306
63.46999 19.64333
63.47472 19.63972
63.49472 19.61639
63.517979 19.567651
63.471286 19.463375
63.436261 19.385265
63.534991 19.427569
63.471286 19.463375
63.45305 19.47361
63.44028 19.44722
63.436261 19.385265
63.435 19.36583
63.43527 19.35167
63.44917 19.31833
63.45333 19.31278
63.46361 19.30919
63.46361 19.29667
63.45944 19.28944
63.45444 19.28333
63.44861 19.27833
63.44194 19.27444
63.41972 19.27583
63.40888 19.2775
63.3275 19.23055
63.31528 19.15861
63.31027 19.14
63.24444 19.04556
63.23861 19.04055
63.22805 19.04417
63.21833 19.04972
63.21639 19.05972
63.21417 19.08528
63.21361 19.10861
63.20833 19.11028
63.1786 19.06667
63.17528 19.05833
63.17444 19.04694
63.17638 19.03694
63.21 18.9725
63.21444 18.96694
63.21889 18.96333
63.22527 18.965
63.23083 18.96528
63.24528 18.95611
63.27277 18.90361
63.27361 18.88972
63.25028 18.80605
63.24811 18.80289
63.24494 18.80105
63.24211 18.80339
63.24044 18.81006
63.2341 18.84722
63.2271 18.88389
63.21027 18.90805
63.20667 18.91528
63.19167 18.8975
63.16194 18.78472
63.16277 18.77583
63.17027 18.76111
63.18472 18.75194
63.19244 18.74867
63.19561 18.75216
63.19711 18.75766
63.19711 18.76533
63.19444 18.78083
63.19594 18.794
63.19877 18.79183
63.20094 18.78733
63.20261 18.78066
63.20361 18.77183
63.20761 18.73616
63.20761 18.72866
63.2066 18.72233
63.20377 18.71983
63.20078 18.721
63.17249 18.73555
63.16777 18.73917
63.14055 18.64722
63.11749 18.56694
63.05167 18.38222
62.99722 18.28917
62.98805 18.34666
62.99139 18.36722
62.99333 18.39
62.99333 18.4025
62.98583 18.525
62.98444 18.53972
62.98222 18.5525
62.97888 18.56194
62.97472 18.5675
62.96583 18.57666
62.95555 18.58028
62.95111 18.57639
62.8625 18.47389
62.85833 18.46694
62.77861 18.20861
62.77611 18.19944
62.76583 18.12611
62.78111 18.08278
62.80416 18.10444
62.80444 18.12917
62.80694 18.13833
62.8111 18.14528
62.81667 18.145
62.82055 18.13778
62.83666 18.07333
62.83917 18.03722
62.82222 17.985
62.81805 17.97833
62.81139 17.97472
62.8425 17.9275
62.91861 17.87222
62.93305 17.8625
62.96222 17.84333
62.99333 17.82833
62.99583 17.82027
62.99555 17.70166
62.99194 17.69666
62.98778 17.70222
62.97277 17.73055
62.96194 17.75278
62.95555 17.77139
62.95055 17.79361
62.93333 17.83472
62.88361 17.88194
62.73055 17.99472
62.70472 18.00444
62.69333 18.00472
62.65666 17.99639
62.65305 17.99139
62.65277 17.97916
62.66027 17.96444
62.66944 17.95694
62.67 17.94639
62.66944 17.87972
62.66444 17.87417
62.65972 17.87778
62.65611 17.88528
62.63444 17.96639
62.631636 17.990196
62.62639 18.03472
62.6236 18.04556
62.60139 18.04805
62.58917 18.04472
62.55528 17.97805
62.497746 17.864145
62.48722 17.84333
62.48389 17.83555
62.48222 17.82528
62.48277 17.81194
62.49944 17.78972
62.5025 17.78055
62.50333 17.76722
62.502384 17.757924
62.49889 17.72361
62.49361 17.69333
62.49027 17.68556
62.47333 17.65861
62.46722 17.65416
62.45805 17.66166
62.453657 17.670622
62.45083 17.67639
62.43778 17.67139
62.435478 17.638088
62.43417 17.61916
62.435 17.60583
62.44028 17.56416
62.44639 17.54583
62.45 17.53833
62.45889 17.52889
62.47722 17.51389
62.48611 17.50444
62.50639 17.47472
62.53 17.4375
62.53722 17.4225
62.53806 17.40916
62.53444 17.40139
62.49194 17.33444
62.48694 17.32889
62.48027 17.32555
62.36028 17.35972
62.32916 17.37194
62.32444 17.37583
62.26555 17.46528
62.2585 17.5025
62.25016 17.55216
62.247933 17.570602
62.24716 17.577
62.239631 17.62273
62.23944 17.62389
62.23416 17.64555
62.23111 17.65472
62.22749 17.64972
62.20944 17.6
62.206988 17.592346
62.19555 17.55666
62.19694 17.54528
62.20055 17.53778
62.20555 17.53583
62.21111 17.53861
62.21695 17.55564
62.22633 17.567
62.2351 17.55787
62.23152 17.54268
62.23004 17.53243
62.23078 17.51996
62.22893 17.50946
62.20458 17.51004
62.20058 17.50804
62.12515 17.48325
62.00639 17.46361
61.99694 17.45166
61.99278 17.445
61.98944 17.43722
61.98778 17.4275
61.99083 17.41833
61.99249 17.40861
61.99 17.4
61.98555 17.39333
61.95111 17.35416
61.94527 17.34972
61.92638 17.34528
61.81805 17.33639
61.7565 17.38567
61.72694 17.44028
61.73222 17.46972
61.73083 17.48389
61.72805 17.49472
61.72389 17.5
61.70166 17.52361
61.69611 17.52361
61.63972 17.50111
61.63583 17.49889
61.63083 17.49361
61.62639 17.48722
61.62472 17.47722
61.62888 17.44527
61.6311 17.43278
61.63916 17.42194
61.64444 17.42
61.65416 17.41417
61.68722 17.39
61.69194 17.38611
61.70039 17.36811
61.70655 17.35411
61.71249 17.33944
61.71444 17.32694
61.7225 17.23389
61.72305 17.22083
61.72138 17.15
61.71972 17.14027
61.71444 17.14222
61.71083 17.14944
61.70777 17.15833
61.70499 17.18389
61.70611 17.19472
61.70528 17.20778
61.70333 17.22028
61.69111 17.26083
61.68805 17.26972
61.68305 17.27166
61.67638 17.26861
61.6711 17.26305
61.63611 17.19
61.63333 17.18111
61.63166 17.17139
61.63222 17.15833
61.63416 17.14611
61.64055 17.12805
61.60278 17.09861
61.55555 17.11778
61.52166 17.16278
61.51749 17.16805
61.44194 17.22278
61.42944 17.21972
61.42528 17.21333
61.42056 17.17139
61.42806 17.15416
61.43278 17.15056
61.43166 17.13972
61.40805 17.10944
61.40305 17.10416
61.39694 17.10278
61.39166 17.10472
61.35777 17.145
61.32861 17.20472
61.32555 17.21361
61.27889 17.20361
61.19028 17.18111
61.04666 17.16275
60.945 17.15056
60.94055 17.15444
60.91694 17.20166
60.89583 17.24111
60.89111 17.24472
60.84305 17.27611
60.77166 17.28361
60.73194 17.28528
60.67611 17.27528
60.64055 17.35972
60.61899 17.3771
60.62917 17.3975
60.63166 17.40611
60.64305 17.52055
60.64333 17.55528
60.64 17.57833
60.63222 17.60917
60.61138 17.64972
60.60194 17.65694
60.59694 17.65167
60.59361 17.64417
60.58416 17.60944
60.58055 17.60222
60.575 17.6025
60.55611 17.60778
60.55083 17.60972
60.5225 17.62944
60.51833 17.63472
60.50694 17.65361
60.50388 17.66222
60.49611 17.69305
60.49166 17.73111
60.49361 17.74056
60.49916 17.74028
60.50889 17.735
60.51833 17.72778
60.52333 17.72611
60.53472 17.72556
60.54138 17.72889
60.54749 17.73306
60.57111 17.77305
60.59 17.8425
60.59694 17.88055
60.59777 17.89111
60.59805 17.93722
60.59722 17.94972
60.59416 17.95833
60.59055 17.96528
60.58639 17.97055
60.55888 17.99333
60.45305 18.1
60.403354 18.151628
60.34305 18.21417
60.33028 18.22778
60.32666 18.23444
60.32833 18.24389
60.33083 18.25222
60.335 18.25861
60.34528 18.26667
60.34944 18.27305
60.35139 18.2825
60.352227 18.293049
60.35388 18.31389
60.34389 18.43194
60.34083 18.44028
60.33138 18.44722
60.29944 18.46583
60.251737 18.570366
60.25 18.57417
60.2411 18.60111
60.23722 18.60778
60.23111 18.60611
60.22778 18.59861
60.22444 18.58
60.22444 18.570545
60.22444 18.55694
60.22694 18.53111
60.23499 18.47083
60.23972 18.44889
60.24278 18.44055
60.24972 18.42528
60.26694 18.38833
60.27416 18.37472
60.29083 18.35416
60.31083 18.32555
60.31333 18.31528
60.30722 18.31361
60.30138 18.31389
60.20805 18.39611
60.18722 18.42167
60.15266 18.50743
60.15305 18.53167
60.150041 18.571029
60.14583 18.62611
60.14417 18.63944
60.12805 18.71139
60.11083 18.77667
60.09638 18.81639
60.09027 18.81472
60.07889 18.81472
60.07388 18.81639
60.05888 18.82306
59.96278 18.88667
59.95333 18.89333
59.94 18.905
59.93583 18.90972
59.92472 18.92972
59.92033 18.95022
59.92033 18.96372
59.91277 19.00722
59.89916 19.04556
59.88972 19.07055
59.83861 19.07
59.8325 19.06833
59.82722 19.06555
59.82305 19.05917
59.82278 19.05055
59.82527 19.04055
59.83222 19.02583
59.86561 18.96922
59.87 18.93611
59.79805 18.86472
59.78361 18.93472
59.78361 18.96861
59.77416 19.07389
59.77055 19.08056
59.76527 19.08222
59.75972 19.08194
59.74056 19.07528
59.73583 19.07
59.71999 19.03222
59.71666 18.99139
59.71666 18.98
59.71999 18.95361
59.71249 18.84139
59.68916 18.74555
59.67139 18.71722
59.64527 18.69444
59.64249 18.7
59.64333 18.71028
59.64666 18.72861
59.64666 18.74
59.64249 18.74472
59.6325 18.73417
59.59139 18.66639
59.58055 18.64555
59.550696 18.574896
59.4675 18.37833
59.46639 18.36833
59.467381 18.361317
59.47361 18.31722
59.47666 18.27972
59.475 18.27055
59.44805 18.25944
59.44472 18.25944
59.430998 18.268214
59.41777 18.27667
59.41361 18.28167
59.41 18.28833
59.40778 18.29972
59.40444 18.32611
59.40194 18.33583
59.39666 18.3375
59.39249 18.33139
59.39083 18.32222
59.39083 18.31111
59.40555 18.175
59.40805 18.165
59.41222 18.16
59.4175 18.1625
59.42444 18.17694
59.42444 18.18805
59.42166 18.19806
59.427343 18.203424
59.42772 18.20378
59.44572 18.19828
59.45528 18.19583
59.45694 18.18694
59.45472 18.12444
59.45305 18.11556
59.43722 18.08972
59.43194 18.08472
59.420196 18.076752
59.39139 18.05722
59.36722 18.08889
59.33444 18.09139
59.34496 18.00736
59.33555 17.94111
59.33639 17.92889
59.33861 17.9175
59.34389 17.89778
59.35611 17.85917
59.365 17.83278
59.37111 17.81611
59.37778 17.80139
59.398223 17.768218
59.402492 17.763069
59.41 17.75777
59.42139 17.7575
59.4275 17.75889
59.48555 17.78
59.49833 17.78722
59.50417 17.79139
59.51472 17.80194
59.520659 17.814307
59.52166 17.81639
59.52833 17.84166
59.53305 17.84528
59.564056 17.830683
59.58083 17.82278
59.59027 17.81611
59.59389 17.80917
59.63861 17.75194
59.66333 17.71722
59.65389 17.72416
59.62611 17.72222
59.62028 17.71805
59.61889 17.71055
59.6375 17.6425
59.65063 17.60396
59.65611 17.59222
59.66027 17.59833
59.66194 17.6075
59.66222 17.62805
59.66333 17.64027
59.66583 17.64833
59.67166 17.6525
59.68213 17.65334
59.71805 17.65416
59.78407 17.6313
59.78889 17.62805
59.80694 17.59417
59.80472 17.58778
59.79361 17.58806
59.78722 17.58667
59.78055 17.58361
59.77472 17.57944
59.76972 17.57444
59.74944 17.5425
59.74694 17.53444
59.745 17.51389
59.73555 17.44806
59.67611 17.44472
59.58722 17.51056
59.57916 17.52083
59.57555 17.5275
59.57222 17.53583
59.57301 17.54315
59.61138 17.52166
59.63833 17.51555
59.68778 17.50889
59.69333 17.50861
59.69944 17.51
59.70638 17.51305
59.73222 17.5375
59.73694 17.58889
59.73694 17.6
59.73499 17.61166
59.73138 17.61833
59.72639 17.62028
59.69555 17.61611
59.66845 17.56117
59.63943 17.58971
59.6075 17.69416
59.59055 17.74222
59.58389 17.75722
59.56972 17.7675
59.53583 17.78666
59.52944 17.785
59.44694 17.73722
59.44277 17.73111
59.44277 17.72
59.48861 17.55194
59.49166 17.54389
59.50305 17.52528
59.50722 17.52028
59.51222 17.51833
59.51805 17.5225
59.53699 17.54608
59.53972 17.50028
59.5425 17.49028
59.55722 17.44694
59.56027 17.43861
59.60472 17.37778
59.60889 17.37278
59.61417 17.37083
59.61972 17.37055
59.65111 17.38611
59.655 17.38361
59.65222 17.37555
59.62277 17.34417
59.60611 17.35333
59.58305 17.37083
59.55333 17.40333
59.54861 17.40667
59.54333 17.40861
59.49278 17.41917
59.48722 17.41944
59.48111 17.41805
59.46916 17.41
59.46916 17.39889
59.50444 17.26194
59.50805 17.25528
59.53861 17.18528
59.54778 17.11722
59.54361 17.06805
59.53944 17.06194
59.53639 17.03139
59.53722 17.01917
59.54361 16.94972
59.5461 16.93972
59.58473 16.86496
59.58527 16.82639
59.55888 16.78694
59.54805 16.66166
59.5525 16.65805
59.58167 16.62306
59.58527 16.61639
59.60916 16.56528
59.61055 16.55194
59.60944 16.54194
59.60694 16.53389
59.59638 16.50166
59.59194 16.49555
59.58694 16.4975
59.57166 16.52166
59.5611 16.54222
59.55694 16.5475
59.55083 16.54611
59.54388 16.54333
59.53889 16.53833
59.50201 16.48917
59.4975 16.4725
59.46777 16.33
59.465 16.17806
59.46527 16.16861
59.47111 16.10167
59.47333 16.09166
59.4825 16.06639
59.49249 16.04417
59.49555 16.03555
59.49777 16.02556
59.495 16.02028
59.48972 16.02222
59.48528 16.02611
59.47305 16.04166
59.45777 16.06611
59.45444 16.07278
59.45139 16.08139
59.44639 16.10139
59.44444 16.11305
59.44 16.16917
59.43944 16.18139
59.4425 16.26139
59.44399 16.27642
59.45027 16.30472
59.45194 16.31389
59.47416 16.65944
59.47305 16.67
59.47055 16.68
59.46722 16.68667
59.46249 16.69028
59.45444 16.70055
59.42416 16.75
59.39055 16.80611
59.38694 16.81278
59.38444 16.82278
59.38139 16.87
59.38166 16.88111
59.38333 16.89
59.39 16.89306
59.39611 16.89417
59.40138 16.89222
59.405 16.88556
59.40527 16.86222
59.40749 16.85083
59.4286 16.79222
59.45361 16.72667
59.46722 16.69778
59.47138 16.69278
59.47611 16.69333
59.49139 16.82889
59.48944 16.84028
59.48638 16.84889
59.4675 16.8975
59.45333 16.92444
59.44639 16.93556
59.43833 16.94583
59.42972 16.95444
59.42027 16.96139
59.37444 17.11166
59.37306 17.17444
59.35667 17.28055
59.35194 17.30222
59.34889 17.31056
59.34472 17.31555
59.33972 17.3175
59.33333 17.31611
59.3275 17.31194
59.32333 17.30611
59.32083 17.29805
59.31972 17.28778
59.29083 17.26389
59.26972 17.25194
59.25889 17.25389
59.25905 17.28694
59.25722 17.29194
59.2486 17.36528
59.2475 17.37583
59.24694 17.38778
59.24777 17.39805
59.25278 17.39611
59.26111 17.38611
59.26472 17.37944
59.27722 17.36417
59.28694 17.35889
59.29722 17.355
59.31833 17.34944
59.32444 17.35083
59.32472 17.36194
59.31222 17.41306
59.30472 17.44278
59.29639 17.47083
59.28222 17.58583
59.271074 17.720532
59.27777 17.8175
59.296697 17.907079
59.29722 17.90805
59.31667 17.94055
59.32 17.9475
59.33138 17.97639
59.33389 17.98444
59.33305 17.99667
59.32222 18.01667
59.31972 18.02639
59.31638 18.0525
59.31667 18.07472
59.31805 18.13361
59.32944 18.20694
59.34708 18.24209
59.35444 18.25083
59.36444 18.27222
59.36694 18.28028
59.36861 18.28944
59.37333 18.34861
59.36861 18.39222
59.36666 18.40361
59.355 18.43972
59.35083 18.44472
59.34477 18.44128
59.34277 18.43694
59.34128 18.43211
59.33639 18.435
59.33111 18.45472
59.33028 18.46666
59.33444 18.47416
59.34027 18.47861
59.34583 18.47833
59.36556 18.46861
59.39417 18.45028
59.42583 18.42806
59.43139 18.42806
59.43361 18.43444
59.43527 18.47722
59.43055 18.49833
59.4211 18.52305
59.4175 18.52972
59.37194 18.60778
59.36805 18.61278
59.33888 18.64027
59.32444 18.64861
59.31916 18.65028
59.31249 18.64694
59.30917 18.63972
59.3075 18.63055
59.30167 18.59305
59.29583 18.52222
59.3025 18.37722
59.30555 18.35361
59.3075 18.34361
59.31056 18.33528
59.31611 18.33778
59.32205 18.3365
59.32505 18.32883
59.32833 18.31889
59.31083 18.27722
59.26861 18.26944
59.253388 18.282074
59.21972 18.31
59.1325 18.31139
59.11861 18.23027
59.11694 18.22139
59.09083 18.14027
59.055401 18.054104
58.953847 17.93768
58.90972 17.89583
58.90305 17.89278
58.89666 17.89139
58.87416 17.89194
58.85889 17.89472
58.933441 17.801474
58.94305 17.78944
59.01833 17.75666
59.09666 17.76889
59.11361 17.76833
59.11889 17.76667
59.12389 17.76472
59.12666 17.75916
59.161561 17.679602
59.16638 17.66861
59.16833 17.66389
59.07444 17.62417
59.04055 17.61166
59.03444 17.61028
59.02944 17.61222
59.02528 17.61722
59.016393 17.625548
59.01639 17.62555
59.01167 17.62889
58.97472 17.61361
58.971465 17.608865
58.95051 17.57833
58.9436 17.59139
58.939497 17.597008
58.91499 17.63055
58.90888 17.62917
58.90194 17.62611
58.84944 17.58333
58.84555 17.57889
58.83756 17.559271
58.75222 17.35
58.73694 17.27111
58.73055 17.22361
58.73277 17.15667
58.7625 17.09361
58.76361 17.08333
58.75055 17.03278
58.74694 17.02861
58.74278 17.03361
58.72305 17.08222
58.70222 17.13416
58.70027 17.14555
58.69472 17.14306
58.68972 17.13833
58.63722 17.03444
58.61694 16.91528
58.6161 16.90528
58.61666 16.89333
58.6236 16.78972
58.62899 16.73612
58.63694 16.67778
58.65555 16.46139
58.65749 16.43639
58.65888 16.41278
58.66306 16.29833
58.66472 16.24222
58.66306 16.23361
58.6275 16.19361
58.61361 16.29333
58.60527 16.37055
58.61333 16.41166
58.63777 16.4325
58.64139 16.43667
58.62055 16.64944
58.60667 16.71083
58.60056 16.72722
58.58138 16.7775
58.49249 16.92861
58.48416 16.93861
58.445 16.83472
58.44222 16.82694
58.43861 16.80917
58.42944 16.75444
58.4286 16.73778
58.44694 16.60056
58.45083 16.57805
58.45833 16.54889
58.46444 16.5325
58.46999 16.51472
58.47527 16.49667
58.47972 16.47556
58.48 16.43556
58.47916 16.42555
58.47722 16.41694
58.47472 16.41333
58.43583 16.57306
58.41083 16.68361
58.40972 16.69389
58.40361 16.71
58.36722 16.77
58.32222 16.78889
58.266457 16.805178
58.19944 16.82472
58.147786 16.808338
57.948027 16.745207
57.91944 16.77805
57.91444 16.78
57.88444 16.77055
57.8811 16.76389
57.87499 16.74944
57.8725 16.74167
57.87277 16.7325
57.88333 16.65916
57.89027 16.62222
57.89222 16.61361
57.92278 16.6025
57.92528 16.60611
57.94028 16.60278
57.947565 16.591965
57.947298 16.503271
57.87783 16.52233
57.85416 16.56433
57.76555 16.67722
57.75388 16.69333
57.74555 16.70333
57.74015 16.70071
57.73888 16.69222
57.77139 16.61889
57.77611 16.61556
57.78639 16.61139
57.79472 16.60278
57.80277 16.59055
57.82139 16.56111
57.825 16.55472
57.89333 16.41861
57.88722 16.41889
57.8825 16.42083
57.8493 16.46342
57.84463 16.46975
57.83997 16.47642
57.77316 16.59378
57.76683 16.60544
57.7411 16.66055
57.72194 16.69222
57.71388 16.70194
57.70528 16.71028
57.7 16.7125
57.61972 16.62555
57.55222 16.6325
57.48528 16.68916
57.47527 16.69333
57.46916 16.69333
57.41083 16.67139
57.40749 16.66472
57.405 16.65583
57.40305 16.63694
57.37694 16.63111
57.37444 16.62417
57.3775 16.60083
57.38333 16.56639
57.38361 16.555
57.38166 16.54611
57.37694 16.54194
57.29028 16.47222
57.27667 16.46722
57.26444 16.46472
57.20528 16.45556
57.20055 16.45528
57.17833 16.45805
57.1675 16.46028
57.15861 16.46722
57.11722 16.51389
57.11666 16.52333
57.11944 16.53028
57.12055 16.54
57.11694 16.54611
57.09389 16.56333
57.04944 16.58416
57.04388 16.58472
57.03666 16.50166
57.03916 16.49278
56.95528 16.45444
56.89388 16.44055
56.84361 16.42667
56.79556 16.40778
56.72083 16.375
56.655 16.30805
56.65833 16.30055
56.65916 16.29055
56.65666 16.2725
56.64611 16.25361
56.60722 16.21611
56.46166 16.12389
56.44972 16.11722
56.42555 16.10416
56.395 16.09055
56.31361 16.05472
56.26888 16.04333
56.21777 16.00833
56.20833 15.99861
56.09222 15.86556
56.11194 15.78861
56.14777 15.77583
56.17889 15.65889
56.19472 15.59806
56.13805 15.37528
56.15111 15.22583
56.16 15.08889
56.16139 14.84806
56.16166 14.71722
56.16111 14.69667
56.15778 14.69055
56.15277 14.68667
56.1325 14.67972
56.12055 14.67944
56.11556 14.68194
56.11138 14.68667
56.10806 14.69278
56.10278 14.71
56.09916 14.71472
56.05972 14.75083
56.03639 14.76778
56.03027 14.76667
56.01083 14.73833
56.00028 14.72
56.0075 14.63528
56.02944 14.62083
56.05194 14.60361
56.05722 14.55889
56.05528 14.55139
56.05111 14.54139
56.0375 14.51167
55.95889 14.36944
55.93694 14.33028
55.88611 14.26361
55.86694 14.24472
55.85166 14.23278
55.83028 14.21722
55.81249 14.20778
55.79972 14.20278
55.79277 14.20055
55.77972 14.19667
55.76666 14.19333
55.74166 14.19083
55.73138 14.19111
55.72583 14.19222
55.71583 14.19611
55.70694 14.20333
55.69472 14.21778
55.64722 14.27694
55.57861 14.34139
55.55194 14.36333
55.54277 14.37028
55.53777 14.37278
55.53166 14.36917
55.52277 14.36194
55.50111 14.33667
55.48666 14.3125
55.38615 14.19355
55.38027 14.16306
55.37944 14.1225
55.38611 14.05889
55.38944 14.0375
55.40583 14.00472
55.4211 13.96944
55.43139 13.93583
55.43388 13.91194
55.43361 13.89139
55.42555 13.73056
55.42416 13.71028
55.4175 13.64167
55.41583 13.63222
55.38222 13.49778
55.3736 13.46583
55.35667 13.42972
55.35249 13.41833
55.34 13.37556
55.33917 13.34472
55.34083 13.30083
55.34194 13.29